0.999094 0.000693 0.000148 0.000061 0.000000 0.000004 0.000000
0.998708 0.000935 0.000124 0.000037 0.000000 0.000195 0.000000
0.997581 0.001942 0.000249 0.000082 0.000000 0.000145 0.000000
0.996180 0.003094 0.000410 0.000151 0.000001 0.000164 0.000000
0.993786 0.005060 0.000686 0.000255 0.000001 0.000212 0.000000
0.989972 0.008227 0.001082 0.000453 0.000002 0.000263 0.000000
0.984655 0.012458 0.001760 0.000734 0.000001 0.000392 0.000000
0.978269 0.017351 0.002591 0.001228 0.000001 0.000560 0.000000
0.968868 0.024753 0.003721 0.001800 0.000001 0.000857 0.000000
0.957872 0.033112 0.005134 0.002601 0.000001 0.001279 0.000000
0.945370 0.042533 0.006788 0.003465 0.000001 0.001842 0.000000
0.929769 0.053959 0.009100 0.004639 0.000004 0.002530 0.000000
0.912395 0.066203 0.011816 0.006096 0.000012 0.003478 0.000000
0.894024 0.078857 0.014870 0.007652 0.000021 0.004576 0.000000
0.874385 0.092106 0.018218 0.009293 0.000030 0.005969 0.000000
0.854307 0.105113 0.021814 0.011188 0.000032 0.007547 0.000000
0.831513 0.118986 0.026309 0.013466 0.000041 0.009685 0.000000
0.811028 0.130379 0.030774 0.015807 0.000053 0.011959 0.000000
0.791349 0.140822 0.035266 0.018056 0.000071 0.014436 0.000000
0.769887 0.151711 0.040266 0.020640 0.000073 0.017423 0.000000
0.749579 0.161209 0.045080 0.023245 0.000077 0.020810 0.000000
0.730074 0.169762 0.049929 0.025870 0.000081 0.024285 0.000000
0.707360 0.179005 0.055702 0.029138 0.000097 0.028698 0.000000
0.686899 0.186549 0.061142 0.031889 0.000121 0.033399 0.000001
0.666316 0.193095 0.066907 0.034913 0.000141 0.038627 0.000001
0.646930 0.198447 0.072455 0.037718 0.000163 0.044286 0.000001
0.628574 0.202231 0.077916 0.040618 0.000189 0.050470 0.000001
0.610975 0.205525 0.083129 0.043316 0.000214 0.056840 0.000002
0.592575 0.208163 0.088573 0.046299 0.000233 0.064153 0.000003
0.577576 0.208792 0.093536 0.048795 0.000254 0.071044 0.000004
0.561452 0.208834 0.098556 0.051545 0.000278 0.079329 0.000004
0.546686 0.207477 0.103424 0.054069 0.000313 0.088028 0.000004
0.534722 0.205016 0.107325 0.056411 0.000339 0.096182 0.000006
0.522807 0.202226 0.111041 0.058364 0.000368 0.105190 0.000005
0.511766 0.199100 0.114120 0.060167 0.000406 0.114433 0.000008
0.501830 0.195350 0.117165 0.061825 0.000430 0.123392 0.000009
0.492686 0.191231 0.119638 0.063194 0.000456 0.132784 0.000010
0.484423 0.187073 0.121714 0.064348 0.000486 0.141944 0.000011
0.475074 0.182511 0.123810 0.065537 0.000519 0.152538 0.000011
0.469242 0.178139 0.124654 0.065962 0.000545 0.161446 0.000010
0.461367 0.173789 0.125815 0.066699 0.000558 0.171760 0.000013
0.453564 0.169352 0.126930 0.067249 0.000590 0.182300 0.000015
0.447088 0.165087 0.127735 0.067622 0.000619 0.191836 0.000014
0.440968 0.160137 0.128286 0.068010 0.000652 0.201930 0.000017
0.435812 0.156109 0.128376 0.068088 0.000682 0.210915 0.000018
0.428939 0.151740 0.128618 0.068331 0.000725 0.221628 0.000019
0.424897 0.147467 0.128007 0.068069 0.000739 0.230803 0.000020
0.419438 0.142543 0.127694 0.067977 0.000762 0.241564 0.000021
0.414639 0.138123 0.127125 0.067656 0.000780 0.251656 0.000021
0.410065 0.133669 0.126301 0.067322 0.000813 0.261804 0.000024
0.405989 0.129885 0.125580 0.066824 0.000830 0.270867 0.000026
0.402183 0.125237 0.124854 0.066206 0.000853 0.280638 0.000028
0.397807 0.120596 0.124096 0.065751 0.000867 0.290852 0.000031
0.395971 0.116688 0.122262 0.064851 0.000888 0.299308 0.000032
0.392784 0.112608 0.121084 0.064216 0.000903 0.308372 0.000032
0.391155 0.108486 0.119314 0.063411 0.000906 0.316695 0.000034
0.388884 0.104152 0.117714 0.062546 0.000922 0.325746 0.000037
0.387301 0.099644 0.115643 0.061530 0.000926 0.334912 0.000044
0.386570 0.096348 0.113548 0.060409 0.000925 0.342150 0.000050
0.385368 0.092830 0.111583 0.059457 0.000919 0.349790 0.000053
0.385248 0.089219 0.109450 0.058357 0.000925 0.356745 0.000056
0.385017 0.085335 0.107010 0.057024 0.000926 0.364630 0.000058
0.384836 0.082099 0.104793 0.055897 0.000949 0.371363 0.000063
0.386141 0.078561 0.101825 0.054462 0.000952 0.377994 0.000066
0.386744 0.075146 0.099294 0.053231 0.000948 0.384567 0.000071
0.388372 0.072619 0.096483 0.051832 0.000961 0.389659 0.000073
0.389021 0.070060 0.094158 0.050816 0.000959 0.394908 0.000078
0.390293 0.068051 0.092015 0.049567 0.000974 0.399024 0.000078
0.392279 0.066118 0.089601 0.048165 0.000975 0.402779 0.000082
0.393734 0.063411 0.086813 0.046782 0.000972 0.408206 0.000083
0.395626 0.061786 0.084396 0.045539 0.000959 0.411603 0.000091
0.397100 0.059673 0.082068 0.044328 0.000970 0.415768 0.000093
0.398759 0.058569 0.080105 0.043500 0.000970 0.418001 0.000095
0.401439 0.056718 0.077524 0.042105 0.000992 0.421125 0.000098
0.402514 0.055832 0.076138 0.041078 0.000980 0.423354 0.000104
0.403645 0.053844 0.073738 0.039865 0.000988 0.427816 0.000104
0.405580 0.052754 0.071577 0.038683 0.000977 0.430324 0.000106
0.407652 0.052003 0.069834 0.037741 0.000974 0.431686 0.000109
0.409148 0.050850 0.068136 0.036843 0.000966 0.433944 0.000114
0.410541 0.049475 0.066647 0.035970 0.000950 0.436303 0.000114
0.412641 0.048497 0.064813 0.035007 0.000943 0.437979 0.000120
0.415014 0.047084 0.062621 0.033891 0.000934 0.440330 0.000125
0.416790 0.046305 0.061360 0.033235 0.000933 0.441253 0.000124
0.418985 0.045564 0.059672 0.032401 0.000926 0.442320 0.000131
0.420887 0.044451 0.058195 0.031508 0.000908 0.443921 0.000130
0.423746 0.043792 0.056614 0.030645 0.000888 0.444185 0.000131
0.425450 0.042840 0.055258 0.029853 0.000886 0.445573 0.000140
0.427629 0.042561 0.054178 0.029218 0.000895 0.445385 0.000134
0.430325 0.041607 0.052806 0.028422 0.000890 0.445808 0.000141
0.432286 0.040957 0.051671 0.027792 0.000877 0.446272 0.000144
0.434612 0.040248 0.050371 0.027172 0.000868 0.446580 0.000148
0.437118 0.039752 0.049153 0.026518 0.000879 0.446431 0.000148
0.439309 0.039508 0.048400 0.026064 0.000848 0.445719 0.000152
0.441624 0.039020 0.047415 0.025569 0.000829 0.445392 0.000151
0.444057 0.038728 0.046567 0.025131 0.000817 0.444544 0.000154
0.446540 0.038049 0.045464 0.024546 0.000815 0.444432 0.000154
0.448710 0.037872 0.044626 0.024094 0.000809 0.443730 0.000158
0.451442 0.037420 0.043776 0.023566 0.000801 0.442833 0.000163
0.453469 0.037202 0.042853 0.023140 0.000787 0.442381 0.000167
0.455475 0.037111 0.042161 0.022821 0.000782 0.441480 0.000170
0.457709 0.036921 0.041510 0.022457 0.000764 0.440470 0.000169
0.459785 0.036759 0.040957 0.022093 0.000754 0.439480 0.000173
0.462092 0.036698 0.040408 0.021816 0.000747 0.438062 0.000178
0.463950 0.036587 0.039858 0.021483 0.000728 0.437212 0.000182
0.466483 0.036440 0.039100 0.021114 0.000723 0.435960 0.000179
0.468380 0.036405 0.038780 0.020994 0.000732 0.434522 0.000188
0.470403 0.036454 0.038380 0.020622 0.000713 0.433237 0.000191
0.472712 0.036540 0.037932 0.020236 0.000708 0.431678 0.000194
0.474301 0.036440 0.037586 0.020033 0.000695 0.430740 0.000203
0.475953 0.036559 0.037383 0.019899 0.000688 0.429316 0.000202
0.477832 0.036572 0.036920 0.019685 0.000673 0.428112 0.000205
0.479517 0.036762 0.036657 0.019641 0.000668 0.426546 0.000209
0.481647 0.036764 0.036186 0.019364 0.000655 0.425174 0.000210
0.483214 0.036989 0.036036 0.019259 0.000646 0.423643 0.000212
0.484402 0.037081 0.035859 0.019174 0.000643 0.422624 0.000217
0.485896 0.037170 0.035961 0.019110 0.000629 0.421020 0.000214
0.487574 0.037262 0.035803 0.018938 0.000613 0.419586 0.000224
0.488911 0.037418 0.035668 0.018856 0.000611 0.418313 0.000222
0.490318 0.037529 0.035484 0.018637 0.000593 0.417209 0.000230
0.492055 0.037973 0.035347 0.018525 0.000583 0.415287 0.000231
0.492905 0.038367 0.035337 0.018544 0.000586 0.414030 0.000231
0.494203 0.038774 0.035171 0.018529 0.000578 0.412507 0.000236
0.494768 0.039078 0.035311 0.018529 0.000562 0.411508 0.000245
0.496068 0.039296 0.035330 0.018512 0.000566 0.409992 0.000237
0.497051 0.039501 0.035389 0.018512 0.000569 0.408736 0.000241
0.498471 0.039800 0.035376 0.018531 0.000557 0.407016 0.000249
0.499424 0.040066 0.035405 0.018567 0.000547 0.405743 0.000248
0.500000 0.040501 0.035430 0.018638 0.000542 0.404644 0.000246
0.500952 0.040601 0.035575 0.018666 0.000536 0.403424 0.000247
0.501599 0.041125 0.035762 0.018654 0.000524 0.402089 0.000247
0.502565 0.041566 0.035779 0.018621 0.000518 0.400697 0.000254
0.503186 0.041910 0.035859 0.018676 0.000506 0.399607 0.000255
0.503648 0.042162 0.036138 0.018695 0.000502 0.398598 0.000257
0.504473 0.042363 0.036179 0.018801 0.000490 0.397433 0.000261
0.504677 0.042814 0.036369 0.018813 0.000488 0.396573 0.000267
0.505318 0.043030 0.036416 0.018903 0.000486 0.395582 0.000265
0.505491 0.043327 0.036608 0.019080 0.000474 0.394754 0.000266
0.506282 0.043500 0.036650 0.019120 0.000472 0.393713 0.000263
0.506304 0.043994 0.036812 0.019193 0.000472 0.392959 0.000266
0.506675 0.044369 0.037141 0.019241 0.000476 0.391826 0.000272
0.506994 0.044583 0.037357 0.019389 0.000472 0.390935 0.000269
0.507157 0.044920 0.037607 0.019565 0.000460 0.390013 0.000279
0.507501 0.045364 0.037571 0.019569 0.000465 0.389256 0.000274
0.507648 0.045743 0.037804 0.019695 0.000457 0.388374 0.000279
0.508132 0.046023 0.037853 0.019714 0.000446 0.387551 0.000281
0.508021 0.046337 0.038062 0.019883 0.000447 0.386970 0.000279
0.508111 0.046545 0.038436 0.020014 0.000443 0.386170 0.000281
0.508096 0.046719 0.038678 0.020172 0.000447 0.385607 0.000281
0.508074 0.047181 0.038828 0.020257 0.000443 0.384938 0.000279
0.508208 0.047256 0.039056 0.020358 0.000440 0.384401 0.000281
0.508186 0.047442 0.039189 0.020482 0.000438 0.383972 0.000290
0.508298 0.047648 0.039343 0.020656 0.000440 0.383323 0.000291
0.508338 0.047773 0.039683 0.020785 0.000445 0.382684 0.000291
0.508378 0.047710 0.039934 0.020909 0.000446 0.382325 0.000297
0.508202 0.047841 0.040349 0.021124 0.000445 0.381744 0.000295
0.508315 0.048015 0.040458 0.021297 0.000436 0.381179 0.000299
0.508135 0.048280 0.040613 0.021452 0.000450 0.380769 0.000301
0.508540 0.048209 0.040604 0.021572 0.000442 0.380328 0.000305
0.508365 0.048457 0.040926 0.021718 0.000448 0.379785 0.000302
0.508041 0.048523 0.041052 0.021791 0.000456 0.379829 0.000309
0.508113 0.048731 0.041142 0.021844 0.000444 0.379416 0.000311
0.508081 0.048983 0.041413 0.021861 0.000446 0.378909 0.000307
0.507958 0.049000 0.041593 0.021970 0.000458 0.378709 0.000313
0.508171 0.049076 0.041660 0.021918 0.000452 0.378415 0.000308
0.508167 0.049044 0.041800 0.022030 0.000459 0.378182 0.000318
0.508060 0.049069 0.042076 0.022018 0.000459 0.378003 0.000314
0.507946 0.049159 0.042095 0.022100 0.000468 0.377916 0.000317
0.508225 0.049267 0.042135 0.022159 0.000466 0.377430 0.000318
0.507782 0.049292 0.042415 0.022298 0.000465 0.377428 0.000320
0.507665 0.049289 0.042674 0.022264 0.000470 0.377317 0.000320
0.507476 0.049308 0.042822 0.022382 0.000459 0.377228 0.000324
0.507773 0.049250 0.042834 0.022447 0.000466 0.376902 0.000327
0.507561 0.049517 0.042777 0.022421 0.000476 0.376923 0.000324
0.507510 0.049525 0.042893 0.022393 0.000479 0.376874 0.000326
0.507225 0.049550 0.042928 0.022409 0.000478 0.377080 0.000330
0.507031 0.049809 0.043011 0.022528 0.000484 0.376805 0.000332
0.506871 0.049912 0.043072 0.022568 0.000485 0.376763 0.000329
0.506685 0.049780 0.043240 0.022595 0.000482 0.376880 0.000337
0.506743 0.049649 0.043514 0.022638 0.000477 0.376639 0.000341
0.506533 0.049800 0.043713 0.022763 0.000474 0.376375 0.000342
0.506362 0.049721 0.043613 0.022787 0.000478 0.376693 0.000347
0.506181 0.049798 0.043776 0.022883 0.000485 0.376528 0.000350
0.506463 0.049560 0.043902 0.022904 0.000483 0.376331 0.000357
0.506654 0.049434 0.043830 0.022995 0.000478 0.376254 0.000355
0.506247 0.049501 0.044101 0.023085 0.000487 0.376226 0.000353
0.506157 0.049502 0.044079 0.023098 0.000478 0.376322 0.000363
0.506068 0.049588 0.044140 0.023127 0.000492 0.376218 0.000367
0.506163 0.049479 0.043970 0.023123 0.000484 0.376422 0.000359
0.506053 0.049225 0.044022 0.023183 0.000488 0.376660 0.000369
0.506018 0.049257 0.044005 0.023187 0.000491 0.376679 0.000363
0.506032 0.049183 0.043867 0.023286 0.000475 0.376791 0.000367
0.506304 0.049093 0.043917 0.023290 0.000486 0.376540 0.000370
0.506503 0.049037 0.043843 0.023248 0.000482 0.376519 0.000369
0.505958 0.049008 0.043972 0.023255 0.000476 0.376960 0.000371
0.506013 0.049005 0.044041 0.023136 0.000470 0.376964 0.000371
0.506037 0.048996 0.043902 0.023228 0.000474 0.376984 0.000379
0.506533 0.048848 0.043887 0.023168 0.000480 0.376707 0.000376
0.506139 0.048670 0.044017 0.023230 0.000477 0.377084 0.000384
0.506356 0.048624 0.044043 0.023284 0.000483 0.376831 0.000379
0.506610 0.048582 0.043935 0.023211 0.000479 0.376798 0.000385
0.506464 0.048560 0.043839 0.023177 0.000480 0.377099 0.000381
0.506496 0.048536 0.043871 0.023190 0.000488 0.377035 0.000384
0.506299 0.048332 0.043994 0.023203 0.000486 0.377299 0.000386
0.506667 0.048259 0.043886 0.023297 0.000479 0.377023 0.000389
0.506702 0.048331 0.043866 0.023265 0.000489 0.376964 0.000383
0.506951 0.048150 0.043695 0.023188 0.000490 0.377133 0.000393
0.506735 0.048444 0.043766 0.023088 0.000479 0.377095 0.000393
0.506728 0.048339 0.043706 0.023133 0.000481 0.377227 0.000386
0.507097 0.048252 0.043667 0.023056 0.000480 0.377055 0.000393
0.506911 0.048200 0.043671 0.023048 0.000494 0.377279 0.000396
0.507021 0.048274 0.043707 0.023084 0.000493 0.377024 0.000397
0.506933 0.048165 0.043769 0.023076 0.000486 0.377172 0.000399
0.507301 0.048080 0.043632 0.023016 0.000483 0.377088 0.000400
0.507383 0.047947 0.043749 0.023025 0.000489 0.377008 0.000399
0.507278 0.047963 0.043647 0.022972 0.000492 0.377253 0.000395
0.507469 0.048031 0.043547 0.022822 0.000495 0.377231 0.000405
0.507264 0.048196 0.043482 0.022914 0.000489 0.377252 0.000401
0.507294 0.048017 0.043595 0.022955 0.000499 0.377234 0.000405
0.507335 0.048073 0.043639 0.022908 0.000493 0.377148 0.000404
0.507518 0.047853 0.043549 0.022878 0.000507 0.377290 0.000405
0.507509 0.048041 0.043510 0.022859 0.000491 0.377189 0.000402
0.507692 0.048149 0.043512 0.022862 0.000495 0.376883 0.000407
0.507454 0.048242 0.043521 0.022815 0.000492 0.377068 0.000408
0.507958 0.048184 0.043382 0.022780 0.000498 0.376790 0.000409
0.508228 0.048073 0.043272 0.022779 0.000486 0.376752 0.000410
0.508070 0.047965 0.043245 0.022742 0.000476 0.377087 0.000414
0.508061 0.047945 0.043366 0.022747 0.000468 0.376997 0.000416
0.508218 0.047974 0.043476 0.022723 0.000472 0.376717 0.000420
0.508155 0.047865 0.043498 0.022754 0.000472 0.376832 0.000424
0.508187 0.047836 0.043467 0.022756 0.000476 0.376858 0.000421
0.508329 0.047752 0.043505 0.022771 0.000487 0.376730 0.000428
0.508461 0.047698 0.043533 0.022795 0.000490 0.376594 0.000429
0.508554 0.047827 0.043507 0.022817 0.000497 0.376371 0.000427
0.508557 0.047909 0.043647 0.022744 0.000495 0.376225 0.000423
0.508658 0.047810 0.043581 0.022739 0.000481 0.376300 0.000431
0.508763 0.047958 0.043512 0.022730 0.000497 0.376111 0.000429
0.508590 0.047995 0.043474 0.022721 0.000483 0.376303 0.000433
0.508798 0.048055 0.043507 0.022783 0.000479 0.375940 0.000437
0.508483 0.048153 0.043681 0.022725 0.000474 0.376048 0.000435
0.508514 0.048180 0.043672 0.022708 0.000481 0.376002 0.000442
0.508752 0.048054 0.043610 0.022616 0.000486 0.376042 0.000439
0.508510 0.048002 0.043563 0.022562 0.000482 0.376438 0.000444
0.508542 0.047996 0.043553 0.022571 0.000472 0.376423 0.000443
0.508486 0.048062 0.043545 0.022604 0.000470 0.376384 0.000449
0.508430 0.048338 0.043417 0.022608 0.000461 0.376299 0.000447
0.508386 0.048310 0.043244 0.022652 0.000463 0.376491 0.000454
0.508633 0.048234 0.043278 0.022706 0.000469 0.376219 0.000461
0.508445 0.048287 0.043330 0.022744 0.000463 0.376276 0.000455
0.509019 0.048300 0.043215 0.022795 0.000466 0.375749 0.000456
0.508899 0.048348 0.043116 0.022892 0.000459 0.375831 0.000455
0.508893 0.048134 0.043310 0.022976 0.000458 0.375764 0.000464
0.509060 0.048185 0.043195 0.022912 0.000449 0.375734 0.000466
0.508940 0.048261 0.043273 0.023037 0.000461 0.375563 0.000463
0.508884 0.048189 0.043179 0.023028 0.000467 0.375782 0.000472
0.508998 0.048383 0.043090 0.023133 0.000459 0.375461 0.000475
0.509023 0.048372 0.043129 0.023138 0.000470 0.375396 0.000471
0.509101 0.048459 0.043039 0.022956 0.000466 0.375508 0.000471
0.508925 0.048475 0.042985 0.022931 0.000471 0.375737 0.000477
0.509105 0.048364 0.043024 0.022926 0.000466 0.375640 0.000477
0.508756 0.048360 0.043104 0.023058 0.000477 0.375772 0.000472
0.509035 0.048352 0.043077 0.023013 0.000465 0.375585 0.000473
0.508867 0.048339 0.043045 0.023000 0.000471 0.375804 0.000473
0.508883 0.048480 0.043082 0.022956 0.000470 0.375644 0.000486
0.508985 0.048408 0.043124 0.022984 0.000463 0.375557 0.000478
0.508750 0.048412 0.043066 0.022995 0.000464 0.375823 0.000489
0.508626 0.048615 0.043133 0.022948 0.000467 0.375722 0.000488
0.508778 0.048502 0.043248 0.022986 0.000472 0.375529 0.000485
0.508808 0.048396 0.043278 0.023039 0.000468 0.375521 0.000490
0.508869 0.048533 0.043288 0.023085 0.000466 0.375264 0.000495
0.509011 0.048541 0.043258 0.023044 0.000474 0.375167 0.000505
0.509024 0.048315 0.043230 0.022983 0.000476 0.375475 0.000497
0.508789 0.048441 0.043184 0.023021 0.000470 0.375593 0.000502
0.508620 0.048348 0.043306 0.023020 0.000468 0.375735 0.000503
0.508888 0.048160 0.043270 0.023087 0.000471 0.375625 0.000499
0.508787 0.048100 0.043326 0.023063 0.000476 0.375741 0.000508
0.509113 0.048029 0.043358 0.023011 0.000474 0.375505 0.000510
0.508877 0.047998 0.043446 0.023066 0.000475 0.375627 0.000510
0.508600 0.048036 0.043478 0.023095 0.000462 0.375819 0.000511
0.509092 0.047825 0.043416 0.023003 0.000467 0.375686 0.000510
0.508915 0.047799 0.043612 0.023003 0.000471 0.375677 0.000521
0.509032 0.047640 0.043585 0.022980 0.000475 0.375768 0.000521
0.509243 0.047746 0.043373 0.022930 0.000484 0.375702 0.000523
0.509250 0.047770 0.043330 0.022934 0.000481 0.375715 0.000521
0.509715 0.047711 0.043208 0.022854 0.000471 0.375516 0.000524
0.509588 0.047878 0.043167 0.022925 0.000467 0.375448 0.000527
0.509590 0.047919 0.043157 0.022943 0.000466 0.375391 0.000535
0.509698 0.047820 0.043254 0.022955 0.000472 0.375268 0.000533
0.509651 0.047915 0.043244 0.022873 0.000467 0.375314 0.000537
0.509416 0.048173 0.043055 0.022874 0.000467 0.375484 0.000531
0.509351 0.048138 0.043171 0.022903 0.000461 0.375441 0.000535
0.509453 0.048194 0.043132 0.022831 0.000472 0.375382 0.000535
0.509634 0.048248 0.043127 0.022825 0.000467 0.375160 0.000539
0.509400 0.048206 0.043179 0.022914 0.000462 0.375298 0.000542
0.509702 0.047971 0.043218 0.022965 0.000470 0.375134 0.000539
0.509293 0.048140 0.043178 0.022950 0.000465 0.375424 0.000550
0.509924 0.047942 0.043009 0.022936 0.000454 0.375189 0.000546
0.509666 0.048077 0.043065 0.022973 0.000444 0.375230 0.000546
0.509847 0.048024 0.043010 0.022920 0.000447 0.375206 0.000547
0.509907 0.048023 0.042952 0.022934 0.000440 0.375190 0.000555
0.688262 0.030173 0.027109 0.014480 0.000286 0.239343 0.000348
