0.999283 0.000555 0.000106 0.000057 0.000000 0.000000 0.000000
0.999125 0.000600 0.000091 0.000014 0.000001 0.000169 0.000000
0.998774 0.000915 0.000151 0.000042 0.000000 0.000118 0.000000
0.998514 0.001115 0.000187 0.000052 0.000000 0.000132 0.000000
0.998275 0.001296 0.000207 0.000062 0.000000 0.000159 0.000000
0.998027 0.001479 0.000250 0.000077 0.000000 0.000167 0.000000
0.997764 0.001685 0.000286 0.000087 0.000000 0.000178 0.000000
0.997518 0.001871 0.000323 0.000098 0.000000 0.000190 0.000000
0.997264 0.002066 0.000349 0.000123 0.000000 0.000198 0.000000
0.997005 0.002273 0.000377 0.000133 0.000000 0.000212 0.000000
0.996751 0.002467 0.000407 0.000147 0.000000 0.000229 0.000000
0.996497 0.002662 0.000442 0.000161 0.000000 0.000237 0.000000
0.996267 0.002816 0.000486 0.000180 0.000000 0.000252 0.000000
0.996027 0.002987 0.000516 0.000207 0.000000 0.000262 0.000000
0.995778 0.003175 0.000558 0.000213 0.000000 0.000276 0.000000
0.995539 0.003342 0.000597 0.000232 0.000000 0.000290 0.000000
0.995284 0.003534 0.000632 0.000254 0.000000 0.000296 0.000000
0.995049 0.003697 0.000674 0.000270 0.000000 0.000310 0.000000
0.994809 0.003874 0.000702 0.000285 0.000000 0.000330 0.000000
0.994563 0.004060 0.000737 0.000297 0.000000 0.000344 0.000000
0.994308 0.004259 0.000771 0.000307 0.000000 0.000355 0.000000
0.994057 0.004452 0.000806 0.000318 0.000000 0.000367 0.000000
0.993803 0.004650 0.000839 0.000333 0.000000 0.000375 0.000000
0.993547 0.004857 0.000866 0.000336 0.000000 0.000393 0.000000
0.993296 0.005051 0.000899 0.000346 0.000000 0.000408 0.000000
0.993058 0.005214 0.000940 0.000368 0.000000 0.000420 0.000000
0.992808 0.005403 0.000976 0.000384 0.000000 0.000430 0.000000
0.992559 0.005589 0.001016 0.000399 0.000000 0.000437 0.000000
0.992327 0.005747 0.001061 0.000413 0.000000 0.000452 0.000000
0.992087 0.005926 0.001096 0.000422 0.000000 0.000469 0.000000
0.991830 0.006131 0.001123 0.000430 0.000000 0.000486 0.000000
0.991574 0.006323 0.001165 0.000450 0.000000 0.000487 0.000000
0.991316 0.006530 0.001185 0.000466 0.000000 0.000503 0.000000
0.991065 0.006723 0.001215 0.000477 0.000000 0.000519 0.000000
0.990804 0.006933 0.001237 0.000496 0.000000 0.000530 0.000000
0.990539 0.007152 0.001259 0.000505 0.000001 0.000544 0.000000
0.990289 0.007338 0.001296 0.000519 0.000001 0.000556 0.000000
0.990038 0.007531 0.001325 0.000538 0.000001 0.000567 0.000000
0.989802 0.007700 0.001353 0.000556 0.000001 0.000589 0.000000
0.989546 0.007902 0.001379 0.000566 0.000001 0.000605 0.000000
0.989290 0.008099 0.001414 0.000580 0.000001 0.000615 0.000000
0.989037 0.008293 0.001448 0.000594 0.000001 0.000627 0.000000
0.988781 0.008493 0.001479 0.000605 0.000001 0.000641 0.000000
0.988527 0.008685 0.001514 0.000623 0.000001 0.000650 0.000000
0.988259 0.008909 0.001536 0.000632 0.000001 0.000663 0.000000
0.988004 0.009111 0.001560 0.000650 0.000001 0.000675 0.000000
0.987766 0.009279 0.001589 0.000676 0.000001 0.000689 0.000000
0.987507 0.009481 0.001616 0.000696 0.000001 0.000699 0.000000
0.987250 0.009688 0.001643 0.000708 0.000001 0.000709 0.000000
0.987005 0.009866 0.001689 0.000719 0.000001 0.000721 0.000000
0.986748 0.010067 0.001725 0.000731 0.000001 0.000729 0.000000
0.986502 0.010246 0.001761 0.000747 0.000001 0.000742 0.000000
0.986240 0.010462 0.001786 0.000754 0.000001 0.000758 0.000000
0.985982 0.010664 0.001818 0.000765 0.000001 0.000769 0.000000
0.985728 0.010864 0.001850 0.000780 0.000001 0.000777 0.000000
0.985482 0.011042 0.001885 0.000802 0.000001 0.000788 0.000000
0.985227 0.011238 0.001914 0.000820 0.000001 0.000799 0.000000
0.984974 0.011432 0.001946 0.000841 0.000001 0.000807 0.000000
0.984718 0.011627 0.001980 0.000857 0.000001 0.000816 0.000000
0.984476 0.011798 0.002026 0.000876 0.000001 0.000823 0.000000
0.984230 0.011974 0.002068 0.000894 0.000001 0.000833 0.000000
0.983980 0.012159 0.002104 0.000915 0.000001 0.000842 0.000000
0.983717 0.012378 0.002129 0.000921 0.000001 0.000854 0.000000
0.983458 0.012585 0.002160 0.000933 0.000001 0.000863 0.000000
0.983204 0.012780 0.002197 0.000943 0.000001 0.000875 0.000000
0.982949 0.012973 0.002239 0.000955 0.000001 0.000883 0.000000
0.982697 0.013169 0.002268 0.000970 0.000001 0.000896 0.000000
0.982451 0.013345 0.002307 0.000992 0.000001 0.000903 0.000000
0.982206 0.013530 0.002336 0.001016 0.000001 0.000911 0.000000
0.981946 0.013734 0.002364 0.001034 0.000001 0.000921 0.000000
0.981697 0.013924 0.002402 0.001045 0.000001 0.000931 0.000000
0.981450 0.014107 0.002440 0.001064 0.000001 0.000939 0.000000
0.981193 0.014304 0.002477 0.001076 0.000001 0.000949 0.000000
0.980938 0.014500 0.002511 0.001094 0.000001 0.000956 0.000000
0.980683 0.014698 0.002552 0.001104 0.000001 0.000962 0.000000
0.980441 0.014868 0.002591 0.001124 0.000001 0.000974 0.000000
0.980213 0.015019 0.002642 0.001133 0.000002 0.000991 0.000000
0.979956 0.015220 0.002675 0.001145 0.000002 0.001003 0.000000
0.979702 0.015414 0.002709 0.001159 0.000002 0.001014 0.000000
0.979449 0.015607 0.002737 0.001179 0.000002 0.001027 0.000000
0.979197 0.015798 0.002769 0.001201 0.000002 0.001034 0.000000
0.978945 0.015988 0.002804 0.001216 0.000002 0.001045 0.000000
0.978683 0.016196 0.002830 0.001234 0.000002 0.001055 0.000000
0.978421 0.016402 0.002866 0.001250 0.000002 0.001060 0.000000
0.978158 0.016615 0.002892 0.001264 0.000002 0.001070 0.000000
0.977905 0.016804 0.002924 0.001286 0.000002 0.001079 0.000000
0.977648 0.017002 0.002959 0.001303 0.000002 0.001087 0.000000
0.977402 0.017179 0.002999 0.001321 0.000002 0.001097 0.000000
0.977155 0.017361 0.003039 0.001337 0.000002 0.001106 0.000000
0.976897 0.017564 0.003070 0.001353 0.000002 0.001114 0.000000
0.976643 0.017763 0.003100 0.001364 0.000003 0.001128 0.000000
0.976397 0.017939 0.003143 0.001381 0.000003 0.001138 0.000000
0.976156 0.018114 0.003177 0.001399 0.000003 0.001152 0.000000
0.975905 0.018304 0.003215 0.001409 0.000003 0.001165 0.000000
0.975653 0.018496 0.003252 0.001422 0.000003 0.001175 0.000000
0.975387 0.018716 0.003282 0.001425 0.000003 0.001188 0.000000
0.975131 0.018913 0.003314 0.001443 0.000003 0.001197 0.000000
0.974882 0.019102 0.003341 0.001461 0.000003 0.001212 0.000000
0.974631 0.019289 0.003380 0.001475 0.000003 0.001223 0.000000
0.974381 0.019479 0.003411 0.001490 0.000003 0.001237 0.000000
0.974128 0.019667 0.003455 0.001502 0.000003 0.001245 0.000000
0.973875 0.019858 0.003496 0.001520 0.000003 0.001249 0.000000
0.973627 0.020047 0.003534 0.001527 0.000003 0.001263 0.000000
0.973366 0.020257 0.003565 0.001533 0.000003 0.001276 0.000000
0.973114 0.020452 0.003600 0.001545 0.000003 0.001287 0.000000
0.972872 0.020619 0.003649 0.001562 0.000003 0.001295 0.000000
0.972625 0.020804 0.003683 0.001573 0.000003 0.001312 0.000000
0.972365 0.021013 0.003719 0.001585 0.000003 0.001315 0.000000
0.972111 0.021210 0.003751 0.001596 0.000003 0.001329 0.000000
0.971864 0.021394 0.003785 0.001613 0.000003 0.001341 0.000000
0.971608 0.021593 0.003819 0.001626 0.000003 0.001352 0.000000
0.971358 0.021787 0.003852 0.001638 0.000003 0.001363 0.000000
0.971100 0.021986 0.003891 0.001647 0.000003 0.001373 0.000000
0.970854 0.022171 0.003924 0.001659 0.000003 0.001389 0.000000
0.970599 0.022371 0.003950 0.001678 0.000003 0.001400 0.000000
0.970348 0.022560 0.003990 0.001685 0.000003 0.001414 0.000000
0.970083 0.022777 0.004018 0.001700 0.000003 0.001420 0.000000
0.969828 0.022971 0.004054 0.001713 0.000003 0.001431 0.000000
0.969582 0.023154 0.004085 0.001729 0.000003 0.001447 0.000000
0.969335 0.023339 0.004127 0.001741 0.000003 0.001455 0.000000
0.969078 0.023544 0.004161 0.001747 0.000002 0.001468 0.000000
0.968823 0.023743 0.004194 0.001758 0.000002 0.001481 0.000000
0.968588 0.023901 0.004240 0.001777 0.000002 0.001491 0.000000
0.968334 0.024098 0.004272 0.001789 0.000002 0.001505 0.000000
0.968070 0.024311 0.004303 0.001800 0.000002 0.001514 0.000000
0.967820 0.024499 0.004337 0.001816 0.000002 0.001527 0.000000
0.967574 0.024680 0.004371 0.001834 0.000003 0.001537 0.000000
0.967332 0.024857 0.004411 0.001846 0.000003 0.001551 0.000000
0.967079 0.025050 0.004449 0.001857 0.000003 0.001563 0.000000
0.966833 0.025229 0.004490 0.001871 0.000003 0.001575 0.000000
0.966593 0.025394 0.004543 0.001882 0.000003 0.001585 0.000000
0.966338 0.025590 0.004583 0.001897 0.000003 0.001589 0.000000
0.966093 0.025771 0.004615 0.001914 0.000003 0.001604 0.000000
0.965851 0.025938 0.004674 0.001924 0.000003 0.001611 0.000000
0.965598 0.026128 0.004710 0.001940 0.000003 0.001620 0.000000
0.965337 0.026330 0.004746 0.001957 0.000003 0.001626 0.000000
0.965086 0.026523 0.004782 0.001970 0.000003 0.001635 0.000000
0.964834 0.026717 0.004816 0.001982 0.000004 0.001647 0.000000
0.964586 0.026897 0.004857 0.001998 0.000004 0.001658 0.000000
0.964348 0.027064 0.004894 0.002015 0.000004 0.001674 0.000000
0.964096 0.027254 0.004930 0.002029 0.000004 0.001685 0.000000
0.963846 0.027444 0.004966 0.002043 0.000004 0.001696 0.000000
0.963602 0.027624 0.005001 0.002061 0.000004 0.001708 0.000000
0.963368 0.027791 0.005043 0.002075 0.000004 0.001719 0.000000
0.963112 0.027990 0.005073 0.002089 0.000004 0.001731 0.000000
0.962862 0.028174 0.005119 0.002102 0.000004 0.001739 0.000000
0.962597 0.028386 0.005154 0.002116 0.000004 0.001743 0.000000
0.962337 0.028588 0.005191 0.002129 0.000004 0.001751 0.000000
0.962094 0.028770 0.005224 0.002137 0.000004 0.001771 0.000000
0.961848 0.028955 0.005259 0.002149 0.000004 0.001785 0.000000
0.961615 0.029111 0.005309 0.002162 0.000004 0.001799 0.000000
0.961368 0.029297 0.005339 0.002175 0.000004 0.001817 0.000000
0.961121 0.029483 0.005379 0.002184 0.000004 0.001829 0.000000
0.960874 0.029659 0.005422 0.002204 0.000004 0.001837 0.000000
0.960622 0.029844 0.005469 0.002216 0.000004 0.001844 0.000000
0.960370 0.030036 0.005504 0.002233 0.000004 0.001853 0.000000
0.960131 0.030201 0.005547 0.002253 0.000004 0.001864 0.000000
0.959879 0.030400 0.005570 0.002267 0.000004 0.001880 0.000000
0.959646 0.030558 0.005613 0.002284 0.000004 0.001895 0.000000
0.959402 0.030736 0.005656 0.002298 0.000004 0.001905 0.000000
0.959149 0.030924 0.005696 0.002314 0.000004 0.001913 0.000000
0.958897 0.031125 0.005720 0.002322 0.000004 0.001931 0.000000
0.958654 0.031299 0.005762 0.002338 0.000004 0.001943 0.000000
0.958408 0.031479 0.005801 0.002349 0.000004 0.001958 0.000000
0.958165 0.031653 0.005840 0.002368 0.000004 0.001970 0.000000
0.957909 0.031850 0.005876 0.002381 0.000004 0.001980 0.000000
0.957662 0.032030 0.005915 0.002398 0.000004 0.001990 0.000000
0.957424 0.032194 0.005963 0.002413 0.000004 0.002003 0.000000
0.957172 0.032385 0.005996 0.002428 0.000004 0.002015 0.000000
0.956927 0.032565 0.006026 0.002448 0.000004 0.002030 0.000000
0.956688 0.032730 0.006058 0.002476 0.000004 0.002043 0.000000
0.956453 0.032900 0.006087 0.002498 0.000004 0.002057 0.000000
0.956214 0.033069 0.006123 0.002518 0.000004 0.002072 0.000000
0.955970 0.033246 0.006163 0.002530 0.000004 0.002086 0.000000
0.955723 0.033430 0.006204 0.002538 0.000004 0.002101 0.000000
0.955476 0.033616 0.006234 0.002552 0.000004 0.002118 0.000000
0.955226 0.033808 0.006273 0.002557 0.000004 0.002131 0.000000
0.954987 0.033977 0.006316 0.002572 0.000005 0.002142 0.000000
0.954743 0.034155 0.006352 0.002589 0.000005 0.002155 0.000000
0.954499 0.034331 0.006391 0.002608 0.000005 0.002165 0.000000
0.954257 0.034507 0.006430 0.002623 0.000005 0.002178 0.000000
0.954007 0.034697 0.006467 0.002632 0.000006 0.002191 0.000000
0.953775 0.034846 0.006516 0.002655 0.000006 0.002201 0.000000
0.953524 0.035035 0.006551 0.002671 0.000006 0.002213 0.000000
0.953275 0.035225 0.006580 0.002686 0.000006 0.002229 0.000000
0.953027 0.035415 0.006612 0.002698 0.000006 0.002241 0.000000
0.952772 0.035606 0.006652 0.002717 0.000006 0.002247 0.000000
0.952520 0.035796 0.006696 0.002723 0.000006 0.002259 0.000000
0.952268 0.035987 0.006730 0.002737 0.000006 0.002271 0.000000
0.952027 0.036169 0.006763 0.002742 0.000006 0.002292 0.000000
0.951784 0.036362 0.006783 0.002755 0.000006 0.002310 0.000000
0.951535 0.036548 0.006821 0.002768 0.000006 0.002322 0.000000
0.951290 0.036722 0.006865 0.002788 0.000006 0.002328 0.000000
0.951051 0.036899 0.006894 0.002803 0.000006 0.002348 0.000000
0.950805 0.037080 0.006937 0.002816 0.000006 0.002356 0.000000
0.950553 0.037271 0.006978 0.002823 0.000006 0.002368 0.000000
0.950296 0.037475 0.007001 0.002842 0.000006 0.002379 0.000000
0.950063 0.037629 0.007048 0.002865 0.000006 0.002388 0.000000
0.949819 0.037815 0.007074 0.002881 0.000006 0.002404 0.000000
0.949562 0.038022 0.007102 0.002886 0.000007 0.002421 0.000000
0.949313 0.038203 0.007147 0.002902 0.000007 0.002429 0.000000
0.949080 0.038368 0.007174 0.002922 0.000007 0.002449 0.000000
0.948827 0.038561 0.007212 0.002935 0.000007 0.002458 0.000000
0.948573 0.038757 0.007243 0.002952 0.000007 0.002469 0.000000
0.948321 0.038951 0.007281 0.002959 0.000007 0.002482 0.000000
0.948071 0.039149 0.007308 0.002971 0.000007 0.002494 0.000000
0.947823 0.039334 0.007346 0.002988 0.000007 0.002502 0.000000
0.947573 0.039530 0.007376 0.002997 0.000007 0.002518 0.000000
0.947340 0.039683 0.007427 0.003012 0.000007 0.002531 0.000000
0.947094 0.039860 0.007471 0.003029 0.000007 0.002540 0.000000
0.946842 0.040048 0.007514 0.003041 0.000007 0.002548 0.000000
0.946589 0.040242 0.007542 0.003059 0.000007 0.002562 0.000000
0.946350 0.040410 0.007578 0.003081 0.000007 0.002574 0.000000
0.946100 0.040592 0.007616 0.003103 0.000007 0.002581 0.000000
0.945869 0.040742 0.007666 0.003123 0.000007 0.002593 0.000000
0.945621 0.040923 0.007710 0.003141 0.000007 0.002597 0.000000
0.945363 0.041125 0.007745 0.003155 0.000007 0.002606 0.000000
0.945117 0.041303 0.007785 0.003171 0.000007 0.002617 0.000000
0.944866 0.041492 0.007820 0.003186 0.000007 0.002630 0.000000
0.944621 0.041672 0.007856 0.003198 0.000007 0.002645 0.000000
0.944381 0.041850 0.007889 0.003213 0.000007 0.002660 0.000000
0.944132 0.042037 0.007917 0.003234 0.000007 0.002674 0.000000
0.943887 0.042217 0.007952 0.003252 0.000007 0.002685 0.000000
0.943639 0.042402 0.007978 0.003274 0.000007 0.002700 0.000000
0.943394 0.042589 0.008007 0.003287 0.000007 0.002717 0.000000
0.943138 0.042787 0.008045 0.003297 0.000007 0.002726 0.000000
0.942893 0.042969 0.008086 0.003314 0.000007 0.002732 0.000000
0.942631 0.043181 0.008110 0.003329 0.000007 0.002741 0.000000
0.942378 0.043374 0.008146 0.003341 0.000007 0.002754 0.000000
0.942139 0.043547 0.008177 0.003361 0.000007 0.002769 0.000000
0.941880 0.043753 0.008205 0.003374 0.000007 0.002782 0.000000
0.941634 0.043930 0.008244 0.003392 0.000007 0.002793 0.000000
0.941401 0.044087 0.008284 0.003412 0.000007 0.002808 0.000000
0.941148 0.044279 0.008318 0.003427 0.000007 0.002820 0.000000
0.940904 0.044461 0.008354 0.003437 0.000007 0.002838 0.000000
0.940669 0.044624 0.008399 0.003450 0.000007 0.002852 0.000000
0.940408 0.044832 0.008421 0.003468 0.000007 0.002864 0.000000
0.940164 0.045010 0.008457 0.003486 0.000007 0.002875 0.000000
0.939920 0.045186 0.008493 0.003505 0.000007 0.002889 0.000000
0.939687 0.045337 0.008544 0.003528 0.000007 0.002897 0.000000
0.939455 0.045499 0.008581 0.003543 0.000007 0.002916 0.000000
0.939218 0.045663 0.008626 0.003556 0.000007 0.002931 0.000000
0.938984 0.045821 0.008676 0.003573 0.000007 0.002939 0.000000
0.938739 0.045999 0.008717 0.003589 0.000007 0.002949 0.000000
0.938495 0.046170 0.008760 0.003610 0.000007 0.002957 0.000000
0.938241 0.046362 0.008798 0.003625 0.000007 0.002966 0.000000
0.937997 0.046538 0.008839 0.003642 0.000007 0.002978 0.000000
0.937750 0.046721 0.008883 0.003646 0.000007 0.002993 0.000000
0.937512 0.046897 0.008919 0.003655 0.000007 0.003010 0.000000
0.937272 0.047065 0.008957 0.003677 0.000007 0.003023 0.000000
0.937031 0.047236 0.008997 0.003696 0.000007 0.003033 0.000000
0.936775 0.047435 0.009037 0.003706 0.000007 0.003041 0.000000
0.936524 0.047622 0.009071 0.003728 0.000007 0.003048 0.000000
0.936277 0.047804 0.009108 0.003743 0.000007 0.003061 0.000000
0.936028 0.047994 0.009143 0.003755 0.000007 0.003074 0.000000
0.935804 0.048136 0.009183 0.003777 0.000007 0.003093 0.000000
0.935566 0.048302 0.009229 0.003793 0.000007 0.003102 0.000000
0.935216 0.048572 0.009267 0.003819 0.000007 0.003120 0.000000
0.934616 0.049056 0.009326 0.003867 0.000007 0.003129 0.000000
0.934592 0.049026 0.009363 0.003867 0.000007 0.003145 0.000000
0.934390 0.049180 0.009392 0.003874 0.000007 0.003157 0.000000
0.934135 0.049367 0.009435 0.003885 0.000008 0.003170 0.000000
0.933874 0.049562 0.009478 0.003901 0.000008 0.003177 0.000000
0.933626 0.049742 0.009521 0.003914 0.000008 0.003189 0.000000
0.933381 0.049919 0.009567 0.003926 0.000008 0.003199 0.000000
0.933284 0.049978 0.009578 0.003935 0.000008 0.003216 0.000000
0.932714 0.050427 0.009657 0.003978 0.000008 0.003215 0.000000
0.932536 0.050545 0.009698 0.003979 0.000008 0.003233 0.000000
0.932456 0.050576 0.009718 0.003993 0.000008 0.003249 0.000000
0.932034 0.050903 0.009771 0.004020 0.000008 0.003264 0.000000
0.931591 0.051247 0.009834 0.004046 0.000008 0.003274 0.000000
0.931601 0.051217 0.009837 0.004048 0.000008 0.003290 0.000000
0.931328 0.051435 0.009874 0.004058 0.000008 0.003296 0.000000
0.931075 0.051628 0.009905 0.004068 0.000008 0.003317 0.000000
0.930632 0.051955 0.009971 0.004104 0.000008 0.003331 0.000000
0.930876 0.051754 0.009930 0.004081 0.000008 0.003351 0.000000
0.930540 0.051995 0.009994 0.004103 0.000008 0.003361 0.000000
0.930292 0.052181 0.010029 0.004112 0.000009 0.003377 0.000000
0.929842 0.052522 0.010094 0.004136 0.000009 0.003397 0.000000
0.929790 0.052555 0.010098 0.004142 0.000009 0.003405 0.000000
0.929105 0.053095 0.010189 0.004183 0.000009 0.003419 0.000000
0.929400 0.052842 0.010149 0.004167 0.000009 0.003432 0.000000
0.929043 0.053114 0.010206 0.004182 0.000009 0.003446 0.000000
0.928234 0.053740 0.010323 0.004231 0.000009 0.003463 0.000000
0.928251 0.053713 0.010339 0.004216 0.000009 0.003472 0.000000
0.928177 0.053753 0.010364 0.004223 0.000009 0.003474 0.000000
0.927435 0.054329 0.010477 0.004256 0.000009 0.003494 0.000000
0.927075 0.054580 0.010533 0.004292 0.000009 0.003511 0.000000
0.927118 0.054529 0.010524 0.004289 0.000009 0.003531 0.000000
0.926470 0.055022 0.010624 0.004321 0.000009 0.003554 0.000000
0.926404 0.055057 0.010659 0.004340 0.000009 0.003530 0.000000
0.926293 0.055132 0.010652 0.004358 0.000009 0.003556 0.000000
0.926136 0.055255 0.010675 0.004359 0.000010 0.003565 0.000000
0.925532 0.055730 0.010758 0.004376 0.000009 0.003595 0.000000
0.925127 0.056031 0.010815 0.004395 0.000009 0.003621 0.000000
0.923678 0.057158 0.011017 0.004491 0.000009 0.003647 0.000000
0.924303 0.056590 0.010969 0.004477 0.000009 0.003652 0.000000
0.923824 0.056979 0.011026 0.004500 0.000009 0.003661 0.000000
0.923684 0.057018 0.011073 0.004540 0.000009 0.003676 0.000000
0.923276 0.057364 0.011139 0.004538 0.000009 0.003674 0.000000
0.922466 0.057984 0.011253 0.004589 0.000009 0.003700 0.000000
0.922361 0.058052 0.011284 0.004599 0.000009 0.003694 0.000000
0.922390 0.058004 0.011261 0.004610 0.000009 0.003726 0.000000
0.922745 0.057673 0.011237 0.004582 0.000009 0.003755 0.000000
0.921822 0.058410 0.011367 0.004643 0.000009 0.003749 0.000000
0.921700 0.058455 0.011403 0.004663 0.000009 0.003770 0.000000
0.920343 0.059485 0.011631 0.004731 0.000009 0.003802 0.000000
0.920447 0.059435 0.011616 0.004695 0.000009 0.003798 0.000000
0.920990 0.058952 0.011529 0.004691 0.000009 0.003828 0.000000
0.920145 0.059610 0.011656 0.004746 0.000009 0.003834 0.000000
0.918329 0.060965 0.011935 0.004844 0.000009 0.003918 0.000000
0.919533 0.060074 0.011724 0.004776 0.000009 0.003884 0.000000
0.919013 0.060494 0.011763 0.004807 0.000009 0.003914 0.000000
0.918585 0.060752 0.011867 0.004849 0.000009 0.003939 0.000000
0.918634 0.060727 0.011852 0.004842 0.000010 0.003935 0.000000
0.917376 0.061650 0.012051 0.004920 0.000010 0.003992 0.000000
0.917615 0.061519 0.011992 0.004886 0.000010 0.003979 0.000000
0.916306 0.062490 0.012204 0.004938 0.000010 0.004052 0.000000
0.916884 0.062085 0.012101 0.004907 0.000010 0.004013 0.000000
0.916589 0.062262 0.012168 0.004918 0.000010 0.004054 0.000000
0.913793 0.064456 0.012584 0.005041 0.000009 0.004117 0.000000
0.916061 0.062601 0.012245 0.005002 0.000010 0.004082 0.000000
0.916663 0.062126 0.012175 0.004947 0.000010 0.004079 0.000000
0.915067 0.063393 0.012358 0.005054 0.000010 0.004118 0.000000
0.914841 0.063563 0.012402 0.005048 0.000010 0.004137 0.000000
0.912649 0.065222 0.012754 0.005140 0.000010 0.004224 0.000000
0.914054 0.064127 0.012546 0.005084 0.000011 0.004178 0.000000
0.913877 0.064206 0.012583 0.005106 0.000011 0.004218 0.000000
0.911612 0.065921 0.012936 0.005221 0.000010 0.004300 0.000000
0.911877 0.065720 0.012906 0.005208 0.000010 0.004278 0.000000
0.911111 0.066318 0.012990 0.005261 0.000010 0.004309 0.000000
0.912449 0.065340 0.012784 0.005132 0.000011 0.004285 0.000000
0.911443 0.065986 0.012993 0.005234 0.000010 0.004333 0.000000
0.911217 0.066106 0.013062 0.005240 0.000011 0.004365 0.000000
0.911045 0.066254 0.013089 0.005263 0.000011 0.004338 0.000000
0.910680 0.066437 0.013133 0.005354 0.000011 0.004386 0.000000
0.910372 0.066672 0.013231 0.005331 0.000010 0.004383 0.000000
0.909170 0.067637 0.013375 0.005374 0.000010 0.004433 0.000000
0.908943 0.067857 0.013405 0.005371 0.000010 0.004415 0.000000
0.908475 0.068139 0.013440 0.005471 0.000010 0.004465 0.000000
0.906426 0.069705 0.013801 0.005536 0.000010 0.004522 0.000000
0.905820 0.070155 0.013961 0.005547 0.000010 0.004507 0.000000
0.907816 0.068676 0.013546 0.005525 0.000010 0.004427 0.000000
0.904251 0.071315 0.014113 0.005689 0.000010 0.004622 0.000000
0.904458 0.071161 0.014116 0.005629 0.000010 0.004626 0.000000
0.903899 0.071460 0.014249 0.005724 0.000010 0.004658 0.000000
0.903366 0.071920 0.014319 0.005744 0.000010 0.004642 0.000000
0.901770 0.073077 0.014608 0.005815 0.000010 0.004720 0.000000
0.901074 0.073504 0.014783 0.005829 0.000010 0.004800 0.000000
0.902953 0.072121 0.014449 0.005762 0.000010 0.004705 0.000000
0.902401 0.072611 0.014482 0.005775 0.000010 0.004721 0.000000
0.899574 0.074797 0.014918 0.005873 0.000010 0.004829 0.000000
0.900095 0.074252 0.014870 0.005947 0.000010 0.004826 0.000000
0.899162 0.075054 0.015022 0.005971 0.000009 0.004781 0.000000
0.896877 0.076723 0.015345 0.006102 0.000010 0.004943 0.000000
0.896196 0.077182 0.015512 0.006122 0.000010 0.004978 0.000000
0.896701 0.076779 0.015385 0.006118 0.000010 0.005007 0.000000
0.896996 0.076516 0.015359 0.006159 0.000010 0.004960 0.000000
0.896849 0.076624 0.015367 0.006132 0.000010 0.005019 0.000000
0.894604 0.078328 0.015660 0.006260 0.000010 0.005138 0.000000
0.894932 0.078010 0.015686 0.006239 0.000010 0.005122 0.000000
0.894566 0.078275 0.015780 0.006267 0.000010 0.005102 0.000000
0.892563 0.079762 0.016113 0.006347 0.000010 0.005205 0.000000
0.892975 0.079479 0.016017 0.006322 0.000010 0.005198 0.000000
0.894024 0.078723 0.015847 0.006271 0.000010 0.005126 0.000000
0.892349 0.079755 0.016162 0.006447 0.000010 0.005277 0.000000
0.892724 0.079437 0.016163 0.006413 0.000010 0.005253 0.000000
0.893309 0.079104 0.015913 0.006441 0.000010 0.005223 0.000000
0.888734 0.082470 0.016634 0.006701 0.000010 0.005451 0.000000
0.889048 0.082106 0.016634 0.006698 0.000010 0.005505 0.000000
0.888156 0.082894 0.016769 0.006715 0.000010 0.005457 0.000000
0.886405 0.084062 0.017075 0.006851 0.000010 0.005598 0.000000
0.889530 0.081912 0.016459 0.006705 0.000010 0.005384 0.000000
0.886537 0.083981 0.017064 0.006813 0.000009 0.005595 0.000000
0.883765 0.085977 0.017617 0.006961 0.000009 0.005670 0.000000
0.883388 0.086331 0.017575 0.007000 0.000009 0.005697 0.000000
0.884602 0.085192 0.017523 0.006917 0.000009 0.005756 0.000000
0.883677 0.085735 0.017710 0.007028 0.000009 0.005839 0.000000
0.883210 0.086062 0.017841 0.006988 0.000009 0.005889 0.000000
0.883538 0.085844 0.017712 0.007062 0.000010 0.005834 0.000000
0.883776 0.085785 0.017687 0.006935 0.000012 0.005805 0.000000
0.878913 0.089326 0.018535 0.007252 0.000010 0.005963 0.000000
0.878465 0.089645 0.018471 0.007319 0.000015 0.006084 0.000000
0.876211 0.091047 0.019043 0.007500 0.000013 0.006186 0.000000
0.875399 0.091647 0.019113 0.007566 0.000015 0.006260 0.000000
0.877458 0.090117 0.018727 0.007474 0.000012 0.006212 0.000000
0.874020 0.092715 0.019259 0.007634 0.000011 0.006361 0.000000
0.872921 0.093359 0.019640 0.007695 0.000015 0.006370 0.000000
0.871560 0.094401 0.019693 0.007776 0.000010 0.006561 0.000000
0.875452 0.091640 0.019020 0.007532 0.000016 0.006340 0.000000
0.872361 0.093634 0.019653 0.007847 0.000012 0.006493 0.000000
0.872869 0.093402 0.019600 0.007725 0.000018 0.006385 0.000000
0.871407 0.094355 0.019767 0.007928 0.000016 0.006529 0.000000
0.872349 0.093598 0.019775 0.007817 0.000011 0.006451 0.000000
0.870236 0.094943 0.020189 0.008012 0.000016 0.006603 0.000000
0.868322 0.096337 0.020423 0.008174 0.000012 0.006731 0.000000
0.870244 0.095066 0.020111 0.007959 0.000016 0.006604 0.000000
0.867473 0.096878 0.020546 0.008239 0.000017 0.006847 0.000000
0.868673 0.096134 0.020379 0.008135 0.000019 0.006661 0.000000
0.866665 0.097331 0.020884 0.008229 0.000017 0.006874 0.000000
0.866912 0.097213 0.020726 0.008322 0.000022 0.006805 0.000000
0.863392 0.099650 0.021542 0.008447 0.000015 0.006954 0.000000
0.862936 0.100030 0.021511 0.008494 0.000022 0.007007 0.000000
0.864110 0.099194 0.021204 0.008517 0.000019 0.006955 0.000000
0.859117 0.102413 0.022258 0.008824 0.000018 0.007369 0.000000
0.860224 0.101823 0.022010 0.008710 0.000018 0.007216 0.000000
0.855694 0.104872 0.022873 0.009029 0.000025 0.007508 0.000000
0.856358 0.104420 0.022691 0.009049 0.000026 0.007456 0.000000
0.857385 0.103661 0.022561 0.008976 0.000028 0.007390 0.000000
0.852889 0.106689 0.023394 0.009283 0.000028 0.007717 0.000000
0.854742 0.105333 0.023081 0.009244 0.000026 0.007575 0.000000
0.856060 0.104400 0.022864 0.009114 0.000025 0.007537 0.000000
0.854806 0.105132 0.023154 0.009347 0.000019 0.007542 0.000000
0.851084 0.108156 0.023544 0.009436 0.000030 0.007749 0.000000
0.852086 0.106881 0.023617 0.009513 0.000029 0.007875 0.000000
0.851216 0.108036 0.023519 0.009421 0.000019 0.007790 0.000000
0.851649 0.107539 0.023482 0.009466 0.000022 0.007842 0.000000
0.845466 0.111593 0.024734 0.009920 0.000026 0.008262 0.000000
0.852150 0.106939 0.023588 0.009441 0.000028 0.007854 0.000000
0.844336 0.112390 0.025086 0.009933 0.000028 0.008228 0.000000
0.846216 0.110852 0.024782 0.009943 0.000021 0.008187 0.000000
0.844547 0.112115 0.024988 0.010024 0.000022 0.008305 0.000000
0.841690 0.113866 0.025584 0.010224 0.000023 0.008613 0.000000
0.843051 0.113276 0.025178 0.010095 0.000024 0.008377 0.000000
0.843148 0.113180 0.025210 0.010042 0.000028 0.008393 0.000000
0.840115 0.115318 0.025656 0.010343 0.000025 0.008543 0.000000
0.838206 0.116346 0.026127 0.010540 0.000025 0.008756 0.000000
0.837570 0.116955 0.026199 0.010507 0.000023 0.008747 0.000000
0.840532 0.114951 0.025498 0.010446 0.000024 0.008550 0.000000
0.838456 0.115782 0.026216 0.010696 0.000025 0.008825 0.000000
0.831951 0.120587 0.027256 0.010973 0.000021 0.009212 0.000000
0.835651 0.118082 0.026485 0.010715 0.000028 0.009040 0.000000
0.834062 0.118990 0.026896 0.010858 0.000030 0.009163 0.000000
0.829076 0.122384 0.027834 0.011145 0.000028 0.009534 0.000000
0.829407 0.122103 0.027723 0.011256 0.000028 0.009483 0.000000
0.830035 0.121833 0.027719 0.011057 0.000023 0.009333 0.000000
0.830608 0.121253 0.027649 0.011113 0.000030 0.009346 0.000000
0.828250 0.122872 0.027970 0.011324 0.000030 0.009554 0.000000
0.823972 0.125594 0.028803 0.011715 0.000025 0.009892 0.000000
0.828020 0.122782 0.028146 0.011374 0.000031 0.009647 0.000000
0.826665 0.124008 0.028287 0.011383 0.000025 0.009632 0.000000
0.825873 0.124508 0.028453 0.011438 0.000025 0.009703 0.000000
0.824965 0.125016 0.028740 0.011369 0.000029 0.009880 0.000000
0.821846 0.126879 0.029313 0.011825 0.000031 0.010106 0.000000
0.820234 0.128141 0.029553 0.011853 0.000021 0.010198 0.000000
0.821329 0.127373 0.029290 0.011774 0.000028 0.010206 0.000000
0.822371 0.126371 0.029097 0.011872 0.000029 0.010260 0.000000
0.816862 0.130139 0.030304 0.012055 0.000030 0.010610 0.000000
0.814454 0.131767 0.030616 0.012305 0.000028 0.010829 0.000000
0.815442 0.130957 0.030578 0.012243 0.000028 0.010753 0.000000
0.816096 0.130867 0.030150 0.012194 0.000033 0.010659 0.000000
0.813526 0.132024 0.031095 0.012432 0.000037 0.010886 0.000000
0.816213 0.130358 0.030463 0.012209 0.000031 0.010726 0.000000
0.808825 0.135057 0.031889 0.012882 0.000030 0.011318 0.000000
0.810799 0.133588 0.031500 0.012763 0.000032 0.011318 0.000000
0.807534 0.136080 0.031988 0.012939 0.000032 0.011427 0.000000
0.803948 0.138158 0.032864 0.013226 0.000027 0.011777 0.000000
0.808597 0.135239 0.031706 0.013044 0.000039 0.011374 0.000000
0.806276 0.136928 0.032164 0.013092 0.000037 0.011503 0.000000
0.808401 0.135540 0.031675 0.012985 0.000031 0.011369 0.000000
0.801204 0.139763 0.033361 0.013634 0.000035 0.012004 0.000000
0.803475 0.138627 0.032711 0.013354 0.000030 0.011803 0.000000
0.801052 0.140245 0.033206 0.013545 0.000036 0.011916 0.000000
0.801684 0.139468 0.033240 0.013423 0.000042 0.012143 0.000000
0.806503 0.136433 0.032223 0.013119 0.000035 0.011686 0.000000
0.796624 0.143064 0.034012 0.013908 0.000033 0.012359 0.000000
0.796398 0.142796 0.034307 0.013974 0.000046 0.012479 0.000000
0.796329 0.143127 0.034164 0.013931 0.000036 0.012412 0.000000
0.800011 0.140370 0.033835 0.013618 0.000037 0.012129 0.000000
0.799662 0.141015 0.033656 0.013509 0.000044 0.012114 0.000000
0.795883 0.142976 0.034622 0.013939 0.000052 0.012529 0.000000
0.790744 0.146374 0.035295 0.014456 0.000050 0.013081 0.000000
0.790119 0.146803 0.035596 0.014521 0.000050 0.012912 0.000000
0.795244 0.143327 0.034665 0.014130 0.000051 0.012583 0.000000
0.791661 0.145822 0.035180 0.014420 0.000041 0.012877 0.000000
0.785464 0.149715 0.036588 0.014875 0.000044 0.013314 0.000000
0.788309 0.147654 0.036059 0.014673 0.000047 0.013258 0.000000
0.783159 0.150970 0.037161 0.015057 0.000051 0.013601 0.000000
0.785297 0.149709 0.036673 0.014939 0.000055 0.013326 0.000000
0.785089 0.149641 0.036798 0.014995 0.000049 0.013428 0.000000
0.781865 0.151434 0.037447 0.015305 0.000051 0.013898 0.000000
0.779922 0.152424 0.038008 0.015498 0.000049 0.014099 0.000000
0.782124 0.151077 0.037698 0.015249 0.000048 0.013805 0.000000
0.775869 0.155048 0.038859 0.015781 0.000048 0.014396 0.000000
0.775740 0.155037 0.038899 0.015907 0.000050 0.014366 0.000000
0.779186 0.152983 0.038185 0.015512 0.000048 0.014085 0.000000
0.776353 0.154986 0.038753 0.015624 0.000049 0.014235 0.000000
0.779578 0.152853 0.037890 0.015524 0.000043 0.014112 0.000000
0.780717 0.151941 0.037939 0.015410 0.000045 0.013949 0.000000
0.773588 0.156468 0.039331 0.016044 0.000042 0.014527 0.000000
0.769345 0.158908 0.040234 0.016387 0.000039 0.015087 0.000000
0.769783 0.158742 0.039921 0.016384 0.000045 0.015126 0.000000
0.770025 0.158195 0.040196 0.016385 0.000051 0.015147 0.000000
0.769045 0.159381 0.040118 0.016407 0.000041 0.015008 0.000000
0.768290 0.159480 0.040360 0.016554 0.000046 0.015271 0.000000
0.765175 0.161627 0.041042 0.016680 0.000039 0.015436 0.000000
0.764018 0.161845 0.041630 0.016834 0.000048 0.015626 0.000000
0.763763 0.162333 0.041368 0.016865 0.000041 0.015629 0.000000
0.768358 0.159394 0.040483 0.016515 0.000051 0.015200 0.000000
0.765546 0.161000 0.041043 0.016765 0.000045 0.015602 0.000000
0.762903 0.162306 0.041704 0.017012 0.000044 0.016031 0.000000
0.760751 0.164121 0.041984 0.017101 0.000049 0.015994 0.000000
0.761229 0.163781 0.041938 0.016970 0.000052 0.016030 0.000000
0.754151 0.167826 0.043575 0.017728 0.000041 0.016680 0.000000
0.758687 0.165029 0.042597 0.017381 0.000045 0.016260 0.000000
0.760158 0.164212 0.042226 0.017147 0.000053 0.016204 0.000000
0.755975 0.166808 0.042939 0.017676 0.000048 0.016554 0.000000
0.753882 0.167548 0.043753 0.017848 0.000054 0.016915 0.000000
0.749009 0.170329 0.044689 0.018417 0.000047 0.017509 0.000000
0.750771 0.169371 0.044299 0.018163 0.000047 0.017349 0.000000
0.750201 0.169604 0.044380 0.018253 0.000048 0.017513 0.000000
0.748181 0.170976 0.044867 0.018315 0.000045 0.017616 0.000000
0.747277 0.171473 0.044999 0.018398 0.000049 0.017803 0.000000
0.745126 0.172757 0.045535 0.018643 0.000051 0.017888 0.000000
0.747148 0.171092 0.045138 0.018622 0.000041 0.017959 0.000000
0.740055 0.175720 0.046472 0.019105 0.000048 0.018601 0.000000
0.743441 0.173268 0.045812 0.018898 0.000045 0.018536 0.000000
0.744772 0.173064 0.045347 0.018688 0.000050 0.018079 0.000000
0.740644 0.175203 0.046505 0.019198 0.000052 0.018398 0.000000
0.740543 0.175150 0.046410 0.019202 0.000044 0.018650 0.000000
0.735450 0.178233 0.047575 0.019574 0.000049 0.019118 0.000000
0.734530 0.178319 0.047905 0.019842 0.000056 0.019348 0.000000
0.731781 0.180078 0.048357 0.020150 0.000052 0.019581 0.000000
0.735326 0.178414 0.047497 0.019722 0.000049 0.018993 0.000000
0.735127 0.178638 0.047556 0.019538 0.000043 0.019099 0.000000
0.726959 0.182495 0.049953 0.020519 0.000058 0.020016 0.000000
0.730510 0.180342 0.049043 0.020231 0.000061 0.019813 0.000000
0.728410 0.181744 0.049398 0.020377 0.000063 0.020008 0.000000
0.728174 0.181392 0.049705 0.020501 0.000056 0.020172 0.000000
0.731120 0.180369 0.048575 0.020139 0.000052 0.019746 0.000000
0.731960 0.179355 0.048666 0.020092 0.000060 0.019867 0.000000
0.729807 0.180419 0.049367 0.020279 0.000051 0.020077 0.000000
0.722061 0.184740 0.050977 0.021125 0.000061 0.021036 0.000000
0.724638 0.183788 0.050175 0.020800 0.000061 0.020538 0.000000
0.723824 0.184269 0.050312 0.020906 0.000054 0.020635 0.000000
0.721009 0.185585 0.051035 0.021214 0.000059 0.021098 0.000000
0.718025 0.186971 0.052036 0.021478 0.000059 0.021431 0.000000
0.719780 0.186347 0.051336 0.021312 0.000064 0.021161 0.000000
0.717687 0.186983 0.052027 0.021634 0.000057 0.021611 0.000000
0.715569 0.188689 0.052433 0.021536 0.000066 0.021707 0.000000
0.716882 0.187424 0.052202 0.021766 0.000066 0.021660 0.000000
0.713258 0.189726 0.053013 0.021953 0.000059 0.021991 0.000000
0.709851 0.191537 0.053810 0.022231 0.000067 0.022503 0.000000
0.718793 0.186506 0.052070 0.021307 0.000058 0.021266 0.000000
0.709990 0.191361 0.053886 0.022247 0.000056 0.022460 0.000000
0.705627 0.193308 0.055202 0.022638 0.000068 0.023158 0.000000
0.711222 0.190399 0.053721 0.022092 0.000065 0.022502 0.000000
0.706229 0.193588 0.054837 0.022620 0.000063 0.022663 0.000000
0.710932 0.190760 0.053752 0.022125 0.000066 0.022365 0.000000
0.708712 0.191821 0.054281 0.022367 0.000063 0.022756 0.000000
0.705887 0.193298 0.055183 0.022568 0.000062 0.023001 0.000000
0.701944 0.195503 0.055813 0.023199 0.000065 0.023476 0.000000
0.705789 0.193083 0.055144 0.022640 0.000064 0.023281 0.000000
0.699202 0.196695 0.056674 0.023512 0.000061 0.023857 0.000000
0.699630 0.196887 0.056469 0.023205 0.000067 0.023741 0.000000
0.699641 0.196380 0.056622 0.023326 0.000074 0.023957 0.000000
0.699763 0.196703 0.056423 0.023189 0.000063 0.023859 0.000000
0.693132 0.200000 0.058177 0.023942 0.000066 0.024683 0.000000
0.694359 0.199150 0.057924 0.023780 0.000071 0.024717 0.000000
0.697480 0.197483 0.057129 0.023551 0.000069 0.024288 0.000000
0.698523 0.197027 0.056742 0.023579 0.000070 0.024058 0.000000
0.692300 0.200926 0.058009 0.023975 0.000069 0.024722 0.000000
0.690705 0.200841 0.058702 0.024432 0.000065 0.025256 0.000000
0.694011 0.199751 0.057839 0.023839 0.000072 0.024487 0.000000
0.691098 0.200966 0.058629 0.024103 0.000076 0.025127 0.000000
0.692997 0.199856 0.058230 0.023918 0.000066 0.024933 0.000000
0.683580 0.204981 0.060238 0.024986 0.000067 0.026149 0.000000
0.684181 0.203836 0.060527 0.024995 0.000070 0.026390 0.000000
0.683996 0.203918 0.060674 0.025030 0.000075 0.026307 0.000000
0.685549 0.203521 0.060138 0.024746 0.000075 0.025971 0.000000
0.681642 0.205746 0.061110 0.025077 0.000072 0.026353 0.000000
0.682276 0.204934 0.060816 0.025261 0.000072 0.026640 0.000000
0.680046 0.206043 0.061628 0.025391 0.000075 0.026817 0.000000
0.677823 0.206806 0.062088 0.025794 0.000077 0.027412 0.000000
0.680376 0.205858 0.061290 0.025437 0.000077 0.026963 0.000000
0.678917 0.207044 0.061718 0.025352 0.000084 0.026885 0.000000
0.672839 0.209990 0.063237 0.026083 0.000079 0.027772 0.000000
0.671692 0.210192 0.063409 0.026228 0.000073 0.028406 0.000000
0.674865 0.208840 0.062648 0.025800 0.000075 0.027772 0.000000
0.672881 0.209376 0.063295 0.026192 0.000071 0.028186 0.000000
0.668661 0.211526 0.064403 0.026544 0.000077 0.028789 0.000000
0.668307 0.212094 0.064290 0.026615 0.000076 0.028618 0.000000
0.668393 0.211844 0.064400 0.026556 0.000074 0.028733 0.000000
0.666298 0.212813 0.064949 0.026772 0.000076 0.029093 0.000000
0.666775 0.212428 0.064916 0.026715 0.000081 0.029085 0.000000
0.664538 0.213222 0.065618 0.026975 0.000081 0.029567 0.000000
0.661621 0.214999 0.066168 0.027332 0.000087 0.029793 0.000000
0.660812 0.215294 0.066521 0.027213 0.000087 0.030074 0.000000
0.663401 0.214120 0.065768 0.026982 0.000083 0.029647 0.000000
0.664788 0.213023 0.065479 0.027095 0.000080 0.029534 0.000000
0.659375 0.215802 0.066857 0.027531 0.000088 0.030346 0.000000
0.653348 0.218617 0.068561 0.028198 0.000084 0.031191 0.000000
0.655034 0.218034 0.067895 0.028099 0.000081 0.030857 0.000000
0.658498 0.216401 0.067147 0.027523 0.000076 0.030355 0.000000
0.649008 0.220842 0.069554 0.028638 0.000085 0.031873 0.000000
0.658259 0.215868 0.067289 0.027780 0.000085 0.030719 0.000000
0.655180 0.217193 0.068331 0.027938 0.000087 0.031272 0.000000
0.655972 0.217086 0.067738 0.028105 0.000072 0.031027 0.000000
0.647356 0.220742 0.070190 0.029021 0.000088 0.032602 0.000000
0.650149 0.219665 0.069480 0.028663 0.000077 0.031966 0.000000
0.649172 0.220247 0.069786 0.028738 0.000082 0.031975 0.000000
0.644147 0.221966 0.071365 0.029368 0.000080 0.033073 0.000000
0.647311 0.220801 0.070296 0.028987 0.000091 0.032514 0.000000
0.644948 0.222260 0.070798 0.029240 0.000087 0.032668 0.000000
0.646324 0.220726 0.070667 0.029254 0.000087 0.032941 0.000000
0.642799 0.223070 0.071397 0.029573 0.000088 0.033074 0.000000
0.643919 0.222133 0.071431 0.029372 0.000086 0.033058 0.000000
0.639513 0.223721 0.072515 0.029967 0.000086 0.034198 0.000000
0.635377 0.226218 0.073489 0.030262 0.000091 0.034563 0.000000
0.637069 0.224744 0.073340 0.030288 0.000085 0.034473 0.000000
0.635193 0.225709 0.073701 0.030323 0.000085 0.034989 0.000000
0.635746 0.225548 0.073711 0.030387 0.000083 0.034525 0.000000
0.631976 0.226737 0.074818 0.030837 0.000085 0.035547 0.000000
0.630737 0.227198 0.074966 0.030991 0.000094 0.036015 0.000000
0.632260 0.226190 0.074979 0.030896 0.000080 0.035595 0.000000
0.634800 0.225343 0.074105 0.030537 0.000083 0.035132 0.000000
0.633337 0.226268 0.074329 0.030650 0.000088 0.035329 0.000000
0.627992 0.228471 0.075811 0.031204 0.000096 0.036426 0.000000
0.629018 0.228445 0.075304 0.031044 0.000089 0.036100 0.000000
0.630201 0.227762 0.074996 0.030907 0.000083 0.036051 0.000000
0.628108 0.228032 0.075853 0.031428 0.000088 0.036490 0.000000
0.626749 0.228529 0.076442 0.031472 0.000087 0.036721 0.000000
0.624970 0.229080 0.076752 0.031828 0.000088 0.037283 0.000000
0.622015 0.231123 0.077288 0.031783 0.000087 0.037704 0.000000
0.621676 0.231409 0.077298 0.031833 0.000090 0.037694 0.000000
0.618961 0.232126 0.078212 0.032234 0.000095 0.038371 0.000000
0.619922 0.231195 0.078220 0.032305 0.000103 0.038254 0.000000
0.619329 0.232071 0.078119 0.032243 0.000104 0.038133 0.000000
0.622771 0.230404 0.077045 0.031877 0.000090 0.037813 0.000000
0.617001 0.233182 0.078491 0.032536 0.000094 0.038696 0.000000
0.615424 0.232477 0.079195 0.033085 0.000107 0.039712 0.000000
0.620313 0.230858 0.077908 0.032273 0.000103 0.038545 0.000000
0.611383 0.234888 0.080279 0.033257 0.000105 0.040089 0.000000
0.612181 0.234093 0.080303 0.033215 0.000109 0.040099 0.000000
