0.999285 0.000551 0.000109 0.000055 0.000000 0.000000 0.000000
0.999111 0.000616 0.000100 0.000014 0.000000 0.000159 0.000000
0.998757 0.000934 0.000163 0.000034 0.000000 0.000112 0.000000
0.998489 0.001142 0.000196 0.000047 0.000000 0.000126 0.000000
0.998246 0.001324 0.000217 0.000059 0.000000 0.000155 0.000000
0.997994 0.001509 0.000260 0.000076 0.000000 0.000162 0.000000
0.997727 0.001714 0.000299 0.000085 0.000000 0.000174 0.000000
0.997475 0.001906 0.000334 0.000095 0.000000 0.000189 0.000000
0.997213 0.002109 0.000361 0.000123 0.000000 0.000194 0.000000
0.996949 0.002319 0.000393 0.000133 0.000000 0.000205 0.000000
0.996689 0.002516 0.000427 0.000147 0.000000 0.000221 0.000000
0.996432 0.002712 0.000461 0.000164 0.000000 0.000231 0.000000
0.996192 0.002879 0.000503 0.000180 0.000000 0.000246 0.000000
0.995948 0.003053 0.000535 0.000208 0.000000 0.000257 0.000000
0.995691 0.003251 0.000572 0.000214 0.000000 0.000271 0.000000
0.995448 0.003420 0.000612 0.000234 0.000000 0.000285 0.000000
0.995185 0.003621 0.000647 0.000256 0.000000 0.000291 0.000000
0.994941 0.003796 0.000686 0.000271 0.000000 0.000306 0.000000
0.994702 0.003968 0.000719 0.000286 0.000000 0.000326 0.000000
0.994446 0.004167 0.000749 0.000297 0.000000 0.000342 0.000000
0.994187 0.004369 0.000784 0.000306 0.000000 0.000353 0.000000
0.993929 0.004569 0.000820 0.000316 0.000000 0.000366 0.000000
0.993672 0.004765 0.000858 0.000333 0.000000 0.000373 0.000000
0.993414 0.004969 0.000890 0.000339 0.000000 0.000388 0.000000
0.993160 0.005160 0.000927 0.000348 0.000000 0.000404 0.000000
0.992917 0.005329 0.000969 0.000367 0.000000 0.000417 0.000000
0.992666 0.005514 0.001008 0.000384 0.000000 0.000428 0.000000
0.992413 0.005705 0.001048 0.000402 0.000000 0.000432 0.000000
0.992172 0.005871 0.001093 0.000417 0.000000 0.000447 0.000000
0.991924 0.006056 0.001131 0.000427 0.000000 0.000462 0.000000
0.991665 0.006264 0.001157 0.000434 0.000000 0.000481 0.000000
0.991403 0.006463 0.001197 0.000454 0.000000 0.000484 0.000000
0.991143 0.006669 0.001218 0.000469 0.000000 0.000501 0.000000
0.990884 0.006871 0.001246 0.000482 0.000000 0.000516 0.000000
0.990620 0.007082 0.001268 0.000501 0.000000 0.000529 0.000000
0.990350 0.007304 0.001290 0.000513 0.000001 0.000542 0.000000
0.990097 0.007491 0.001330 0.000527 0.000001 0.000554 0.000000
0.989839 0.007691 0.001359 0.000545 0.000001 0.000565 0.000000
0.989594 0.007872 0.001384 0.000561 0.000001 0.000588 0.000000
0.989337 0.008074 0.001414 0.000572 0.000001 0.000602 0.000000
0.989075 0.008276 0.001450 0.000585 0.000001 0.000612 0.000000
0.988811 0.008482 0.001484 0.000601 0.000001 0.000621 0.000000
0.988547 0.008692 0.001515 0.000611 0.000001 0.000634 0.000000
0.988289 0.008887 0.001552 0.000628 0.000001 0.000644 0.000000
0.988019 0.009109 0.001578 0.000635 0.000001 0.000657 0.000000
0.987755 0.009321 0.001603 0.000651 0.000001 0.000669 0.000000
0.987515 0.009490 0.001635 0.000676 0.000001 0.000683 0.000000
0.987251 0.009695 0.001664 0.000696 0.000001 0.000692 0.000000
0.986988 0.009908 0.001692 0.000709 0.000001 0.000703 0.000000
0.986737 0.010091 0.001733 0.000723 0.000001 0.000715 0.000000
0.986477 0.010290 0.001772 0.000737 0.000001 0.000722 0.000000
0.986226 0.010473 0.001812 0.000753 0.000001 0.000735 0.000000
0.985961 0.010691 0.001835 0.000759 0.000001 0.000753 0.000000
0.985699 0.010895 0.001871 0.000770 0.000001 0.000764 0.000000
0.985440 0.011099 0.001904 0.000785 0.000001 0.000771 0.000000
0.985191 0.011279 0.001938 0.000808 0.000001 0.000783 0.000000
0.984937 0.011470 0.001972 0.000824 0.000001 0.000796 0.000000
0.984674 0.011670 0.002006 0.000845 0.000001 0.000803 0.000000
0.984417 0.011865 0.002041 0.000864 0.000001 0.000813 0.000000
0.984167 0.012044 0.002087 0.000883 0.000001 0.000819 0.000000
0.983917 0.012222 0.002126 0.000903 0.000001 0.000831 0.000000
0.983660 0.012414 0.002163 0.000925 0.000001 0.000838 0.000000
0.983390 0.012637 0.002193 0.000930 0.000001 0.000849 0.000000
0.983128 0.012841 0.002225 0.000945 0.000001 0.000860 0.000000
0.982868 0.013042 0.002261 0.000954 0.000001 0.000873 0.000000
0.982604 0.013251 0.002299 0.000963 0.000001 0.000883 0.000000
0.982348 0.013446 0.002327 0.000979 0.000001 0.000898 0.000000
0.982097 0.013630 0.002366 0.001000 0.000001 0.000906 0.000000
0.981847 0.013815 0.002395 0.001026 0.000001 0.000916 0.000000
0.981585 0.014022 0.002419 0.001044 0.000001 0.000929 0.000000
0.981328 0.014220 0.002460 0.001055 0.000001 0.000937 0.000000
0.981073 0.014409 0.002499 0.001073 0.000001 0.000945 0.000000
0.980817 0.014598 0.002542 0.001089 0.000001 0.000953 0.000000
0.980557 0.014798 0.002578 0.001105 0.000001 0.000961 0.000000
0.980301 0.014993 0.002620 0.001116 0.000001 0.000968 0.000000
0.980053 0.015171 0.002662 0.001133 0.000001 0.000980 0.000000
0.979819 0.015327 0.002711 0.001144 0.000002 0.000998 0.000000
0.979559 0.015529 0.002742 0.001158 0.000002 0.001010 0.000000
0.979301 0.015728 0.002779 0.001166 0.000002 0.001024 0.000000
0.979046 0.015920 0.002810 0.001186 0.000002 0.001037 0.000000
0.978786 0.016117 0.002841 0.001209 0.000002 0.001045 0.000000
0.978528 0.016313 0.002875 0.001225 0.000002 0.001057 0.000000
0.978259 0.016528 0.002903 0.001244 0.000002 0.001065 0.000000
0.977995 0.016732 0.002940 0.001259 0.000002 0.001072 0.000000
0.977730 0.016945 0.002969 0.001271 0.000002 0.001082 0.000000
0.977473 0.017137 0.003002 0.001295 0.000002 0.001091 0.000000
0.977214 0.017333 0.003037 0.001314 0.000002 0.001100 0.000000
0.976962 0.017516 0.003077 0.001334 0.000002 0.001109 0.000000
0.976711 0.017705 0.003114 0.001349 0.000002 0.001120 0.000000
0.976452 0.017903 0.003153 0.001363 0.000002 0.001127 0.000000
0.976189 0.018113 0.003181 0.001373 0.000003 0.001141 0.000000
0.975935 0.018299 0.003221 0.001391 0.000003 0.001151 0.000000
0.975686 0.018484 0.003251 0.001412 0.000003 0.001165 0.000000
0.975431 0.018676 0.003287 0.001427 0.000003 0.001178 0.000000
0.975174 0.018872 0.003323 0.001442 0.000003 0.001187 0.000000
0.974903 0.019094 0.003356 0.001444 0.000003 0.001200 0.000000
0.974638 0.019302 0.003388 0.001461 0.000003 0.001208 0.000000
0.974386 0.019495 0.003411 0.001478 0.000003 0.001228 0.000000
0.974135 0.019674 0.003459 0.001493 0.000003 0.001237 0.000000
0.973883 0.019865 0.003488 0.001508 0.000003 0.001253 0.000000
0.973627 0.020053 0.003535 0.001521 0.000003 0.001261 0.000000
0.973363 0.020258 0.003574 0.001537 0.000003 0.001266 0.000000
0.973113 0.020445 0.003614 0.001544 0.000003 0.001281 0.000000
0.972848 0.020658 0.003649 0.001550 0.000003 0.001293 0.000000
0.972592 0.020854 0.003686 0.001561 0.000003 0.001304 0.000000
0.972342 0.021031 0.003733 0.001579 0.000003 0.001312 0.000000
0.972093 0.021217 0.003769 0.001589 0.000003 0.001331 0.000000
0.971826 0.021429 0.003803 0.001603 0.000003 0.001337 0.000000
0.971568 0.021626 0.003838 0.001616 0.000003 0.001349 0.000000
0.971313 0.021821 0.003868 0.001634 0.000003 0.001362 0.000000
0.971053 0.022020 0.003905 0.001648 0.000003 0.001371 0.000000
0.970803 0.022208 0.003942 0.001662 0.000003 0.001383 0.000000
0.970542 0.022406 0.003983 0.001675 0.000003 0.001391 0.000000
0.970295 0.022590 0.004019 0.001687 0.000003 0.001407 0.000000
0.970034 0.022793 0.004046 0.001707 0.000003 0.001417 0.000000
0.969783 0.022982 0.004085 0.001714 0.000003 0.001434 0.000000
0.969511 0.023204 0.004112 0.001729 0.000003 0.001441 0.000000
0.969256 0.023393 0.004155 0.001743 0.000003 0.001450 0.000000
0.969007 0.023576 0.004188 0.001760 0.000003 0.001466 0.000000
0.968755 0.023768 0.004228 0.001770 0.000003 0.001477 0.000000
0.968492 0.023978 0.004262 0.001777 0.000002 0.001489 0.000000
0.968229 0.024187 0.004293 0.001786 0.000002 0.001503 0.000000
0.967984 0.024360 0.004337 0.001804 0.000002 0.001514 0.000000
0.967724 0.024563 0.004366 0.001818 0.000002 0.001527 0.000000
0.967455 0.024781 0.004396 0.001827 0.000002 0.001539 0.000000
0.967203 0.024967 0.004433 0.001844 0.000002 0.001551 0.000000
0.966951 0.025156 0.004467 0.001860 0.000003 0.001563 0.000000
0.966700 0.025344 0.004506 0.001871 0.000003 0.001576 0.000000
0.966443 0.025538 0.004548 0.001883 0.000003 0.001586 0.000000
0.966191 0.025722 0.004588 0.001897 0.000003 0.001598 0.000000
0.965946 0.025892 0.004641 0.001910 0.000003 0.001608 0.000000
0.965687 0.026090 0.004680 0.001928 0.000003 0.001613 0.000000
0.965439 0.026269 0.004716 0.001947 0.000003 0.001627 0.000000
0.965191 0.026441 0.004774 0.001956 0.000003 0.001635 0.000000
0.964937 0.026629 0.004815 0.001972 0.000003 0.001643 0.000000
0.964667 0.026844 0.004850 0.001986 0.000003 0.001650 0.000000
0.964416 0.027033 0.004889 0.001999 0.000003 0.001660 0.000000
0.964160 0.027227 0.004924 0.002011 0.000004 0.001673 0.000000
0.963905 0.027416 0.004964 0.002028 0.000004 0.001683 0.000000
0.963661 0.027587 0.005008 0.002043 0.000004 0.001697 0.000000
0.963403 0.027785 0.005041 0.002056 0.000004 0.001710 0.000000
0.963150 0.027975 0.005079 0.002071 0.000004 0.001721 0.000000
0.962901 0.028161 0.005111 0.002090 0.000004 0.001733 0.000000
0.962661 0.028332 0.005155 0.002103 0.000004 0.001744 0.000000
0.962402 0.028533 0.005186 0.002116 0.000004 0.001758 0.000000
0.962146 0.028722 0.005232 0.002130 0.000004 0.001766 0.000000
0.961877 0.028937 0.005266 0.002144 0.000004 0.001771 0.000000
0.961614 0.029141 0.005302 0.002158 0.000004 0.001780 0.000000
0.961366 0.029327 0.005334 0.002168 0.000004 0.001801 0.000000
0.961118 0.029511 0.005368 0.002183 0.000004 0.001815 0.000000
0.960881 0.029667 0.005420 0.002197 0.000004 0.001829 0.000000
0.960631 0.029855 0.005450 0.002212 0.000004 0.001848 0.000000
0.960379 0.030043 0.005492 0.002224 0.000004 0.001859 0.000000
0.960129 0.030220 0.005533 0.002245 0.000004 0.001868 0.000000
0.959867 0.030421 0.005575 0.002257 0.000004 0.001875 0.000000
0.959607 0.030620 0.005611 0.002273 0.000004 0.001883 0.000000
0.959360 0.030795 0.005654 0.002292 0.000004 0.001894 0.000000
0.959103 0.030995 0.005678 0.002309 0.000004 0.001910 0.000000
0.958862 0.031164 0.005717 0.002327 0.000004 0.001925 0.000000
0.958609 0.031353 0.005757 0.002341 0.000004 0.001936 0.000000
0.958351 0.031546 0.005799 0.002354 0.000004 0.001945 0.000000
0.958099 0.031745 0.005826 0.002361 0.000004 0.001965 0.000000
0.957850 0.031927 0.005863 0.002379 0.000004 0.001976 0.000000
0.957603 0.032104 0.005906 0.002391 0.000004 0.001991 0.000000
0.957358 0.032277 0.005946 0.002409 0.000004 0.002006 0.000000
0.957100 0.032474 0.005981 0.002423 0.000004 0.002017 0.000000
0.956849 0.032654 0.006027 0.002440 0.000004 0.002026 0.000000
0.956604 0.032827 0.006072 0.002453 0.000004 0.002040 0.000000
0.956349 0.033020 0.006107 0.002467 0.000004 0.002053 0.000000
0.956100 0.033201 0.006137 0.002489 0.000004 0.002069 0.000000
0.955858 0.033367 0.006172 0.002516 0.000004 0.002082 0.000000
0.955614 0.033545 0.006206 0.002536 0.000004 0.002095 0.000000
0.955366 0.033727 0.006237 0.002555 0.000004 0.002111 0.000000
0.955116 0.033911 0.006272 0.002568 0.000004 0.002128 0.000000
0.954869 0.034092 0.006313 0.002577 0.000004 0.002145 0.000000
0.954617 0.034280 0.006346 0.002593 0.000004 0.002160 0.000000
0.954359 0.034480 0.006384 0.002601 0.000004 0.002171 0.000000
0.954118 0.034650 0.006426 0.002615 0.000005 0.002186 0.000000
0.953865 0.034841 0.006463 0.002628 0.000005 0.002198 0.000000
0.953611 0.035030 0.006498 0.002648 0.000005 0.002207 0.000000
0.953363 0.035212 0.006535 0.002666 0.000005 0.002220 0.000000
0.953109 0.035404 0.006574 0.002674 0.000006 0.002234 0.000000
0.952874 0.035553 0.006625 0.002697 0.000006 0.002245 0.000000
0.952619 0.035745 0.006659 0.002713 0.000006 0.002257 0.000000
0.952369 0.035933 0.006689 0.002727 0.000006 0.002276 0.000000
0.952116 0.036126 0.006726 0.002738 0.000006 0.002287 0.000000
0.951861 0.036314 0.006768 0.002756 0.000006 0.002295 0.000000
0.951607 0.036501 0.006817 0.002762 0.000006 0.002307 0.000000
0.951350 0.036697 0.006852 0.002774 0.000006 0.002320 0.000000
0.951103 0.036884 0.006884 0.002784 0.000006 0.002339 0.000000
0.950854 0.037079 0.006911 0.002796 0.000006 0.002353 0.000000
0.950606 0.037259 0.006950 0.002812 0.000006 0.002367 0.000000
0.950359 0.037434 0.006993 0.002836 0.000006 0.002372 0.000000
0.950111 0.037621 0.007021 0.002849 0.000006 0.002392 0.000000
0.949859 0.037809 0.007061 0.002866 0.000006 0.002399 0.000000
0.949604 0.037999 0.007105 0.002875 0.000006 0.002411 0.000000
0.949341 0.038210 0.007128 0.002892 0.000006 0.002423 0.000000
0.949102 0.038368 0.007178 0.002917 0.000006 0.002430 0.000000
0.948853 0.038563 0.007200 0.002932 0.000006 0.002447 0.000000
0.948592 0.038771 0.007228 0.002938 0.000007 0.002464 0.000000
0.948344 0.038945 0.007276 0.002955 0.000007 0.002473 0.000000
0.948109 0.039107 0.007309 0.002976 0.000007 0.002492 0.000000
0.947852 0.039305 0.007347 0.002989 0.000007 0.002500 0.000000
0.947595 0.039499 0.007380 0.003008 0.000007 0.002511 0.000000
0.947337 0.039698 0.007419 0.003016 0.000007 0.002522 0.000000
0.947076 0.039910 0.007445 0.003030 0.000007 0.002532 0.000000
0.946826 0.040092 0.007487 0.003048 0.000007 0.002541 0.000000
0.946573 0.040286 0.007519 0.003058 0.000007 0.002557 0.000000
0.946333 0.040448 0.007569 0.003073 0.000007 0.002570 0.000000
0.946080 0.040632 0.007611 0.003090 0.000007 0.002579 0.000000
0.945825 0.040821 0.007653 0.003106 0.000007 0.002588 0.000000
0.945567 0.041017 0.007686 0.003123 0.000007 0.002600 0.000000
0.945325 0.041187 0.007726 0.003142 0.000007 0.002613 0.000000
0.945074 0.041366 0.007767 0.003165 0.000007 0.002621 0.000000
0.944837 0.041523 0.007816 0.003183 0.000007 0.002634 0.000000
0.944584 0.041709 0.007858 0.003204 0.000007 0.002638 0.000000
0.944316 0.041923 0.007889 0.003217 0.000007 0.002648 0.000000
0.944066 0.042101 0.007933 0.003234 0.000007 0.002658 0.000000
0.943806 0.042302 0.007966 0.003250 0.000007 0.002668 0.000000
0.943558 0.042486 0.008004 0.003262 0.000007 0.002683 0.000000
0.943310 0.042673 0.008040 0.003273 0.000007 0.002698 0.000000
0.943060 0.042857 0.008071 0.003293 0.000007 0.002713 0.000000
0.942816 0.043027 0.008112 0.003316 0.000007 0.002722 0.000000
0.942564 0.043215 0.008140 0.003336 0.000007 0.002738 0.000000
0.942312 0.043410 0.008165 0.003350 0.000007 0.002757 0.000000
0.942058 0.043601 0.008206 0.003359 0.000007 0.002768 0.000000
0.941808 0.043790 0.008245 0.003376 0.000007 0.002775 0.000000
0.941546 0.043994 0.008271 0.003396 0.000007 0.002785 0.000000
0.941285 0.044198 0.008306 0.003409 0.000007 0.002796 0.000000
0.941038 0.044379 0.008339 0.003427 0.000007 0.002810 0.000000
0.940773 0.044592 0.008367 0.003438 0.000007 0.002824 0.000000
0.940526 0.044769 0.008404 0.003454 0.000007 0.002839 0.000000
0.940285 0.044935 0.008443 0.003476 0.000007 0.002854 0.000000
0.940026 0.045133 0.008478 0.003490 0.000007 0.002866 0.000000
0.939776 0.045322 0.008510 0.003501 0.000007 0.002884 0.000000
0.939538 0.045486 0.008555 0.003513 0.000007 0.002901 0.000000
0.939276 0.045693 0.008579 0.003529 0.000007 0.002915 0.000000
0.939029 0.045871 0.008618 0.003550 0.000007 0.002926 0.000000
0.938777 0.046058 0.008652 0.003566 0.000007 0.002940 0.000000
0.938535 0.046223 0.008699 0.003584 0.000008 0.002951 0.000000
0.938294 0.046393 0.008737 0.003602 0.000008 0.002966 0.000000
0.938052 0.046567 0.008780 0.003611 0.000008 0.002983 0.000000
0.937815 0.046726 0.008830 0.003629 0.000008 0.002993 0.000000
0.937564 0.046913 0.008870 0.003644 0.000008 0.003001 0.000000
0.937317 0.047088 0.008912 0.003662 0.000008 0.003013 0.000000
0.937062 0.047275 0.008958 0.003676 0.000008 0.003021 0.000000
0.936819 0.047442 0.009006 0.003694 0.000008 0.003032 0.000000
0.936572 0.047623 0.009044 0.003701 0.000008 0.003052 0.000000
0.936337 0.047790 0.009084 0.003712 0.000008 0.003069 0.000000
0.936095 0.047957 0.009126 0.003732 0.000008 0.003083 0.000000
0.935854 0.048124 0.009167 0.003752 0.000008 0.003095 0.000000
0.935594 0.048321 0.009210 0.003764 0.000008 0.003104 0.000000
0.935337 0.048513 0.009247 0.003785 0.000008 0.003110 0.000000
0.935092 0.048687 0.009288 0.003801 0.000008 0.003124 0.000000
0.934841 0.048872 0.009327 0.003819 0.000008 0.003134 0.000000
0.934608 0.049025 0.009366 0.003841 0.000008 0.003152 0.000000
0.934364 0.049201 0.009409 0.003857 0.000008 0.003161 0.000000
0.934019 0.049461 0.009447 0.003885 0.000008 0.003179 0.000000
0.933423 0.049946 0.009508 0.003931 0.000008 0.003184 0.000000
0.933383 0.049933 0.009545 0.003929 0.000008 0.003203 0.000000
0.933175 0.050089 0.009574 0.003939 0.000008 0.003215 0.000000
0.932919 0.050273 0.009618 0.003953 0.000008 0.003230 0.000000
0.932657 0.050464 0.009667 0.003969 0.000008 0.003235 0.000000
0.932398 0.050658 0.009707 0.003982 0.000008 0.003247 0.000000
0.932151 0.050837 0.009753 0.003992 0.000008 0.003260 0.000000
0.932043 0.050905 0.009766 0.004000 0.000008 0.003278 0.000000
0.931478 0.051351 0.009845 0.004042 0.000008 0.003276 0.000000
0.931297 0.051466 0.009890 0.004046 0.000008 0.003293 0.000000
0.931206 0.051507 0.009910 0.004061 0.000008 0.003309 0.000000
0.930783 0.051837 0.009959 0.004088 0.000008 0.003324 0.000000
0.930343 0.052179 0.010017 0.004117 0.000008 0.003337 0.000000
0.930347 0.052147 0.010025 0.004119 0.000008 0.003354 0.000000
0.930072 0.052365 0.010066 0.004131 0.000008 0.003359 0.000000
0.929810 0.052565 0.010097 0.004143 0.000008 0.003378 0.000000
0.929366 0.052894 0.010163 0.004178 0.000008 0.003391 0.000000
0.929590 0.052710 0.010122 0.004159 0.000008 0.003411 0.000000
0.929250 0.052954 0.010185 0.004183 0.000008 0.003419 0.000000
0.928990 0.053157 0.010218 0.004192 0.000009 0.003434 0.000000
0.928540 0.053498 0.010282 0.004216 0.000009 0.003454 0.000000
0.928482 0.053531 0.010294 0.004224 0.000009 0.003461 0.000000
0.927803 0.054064 0.010382 0.004268 0.000009 0.003474 0.000000
0.928084 0.053818 0.010350 0.004253 0.000009 0.003487 0.000000
0.927731 0.054080 0.010411 0.004267 0.000009 0.003502 0.000000
0.926934 0.054694 0.010526 0.004317 0.000009 0.003520 0.000000
0.926949 0.054662 0.010547 0.004303 0.000009 0.003530 0.000000
0.926869 0.054704 0.010572 0.004312 0.000009 0.003534 0.000000
0.926144 0.055265 0.010686 0.004342 0.000009 0.003555 0.000000
0.925833 0.055472 0.010737 0.004376 0.000009 0.003573 0.000000
0.925989 0.055319 0.010720 0.004373 0.000009 0.003591 0.000000
0.925239 0.055894 0.010835 0.004408 0.000009 0.003615 0.000000
0.925171 0.055921 0.010875 0.004431 0.000009 0.003591 0.000000
0.925182 0.055886 0.010860 0.004447 0.000010 0.003616 0.000000
0.924964 0.056060 0.010889 0.004450 0.000010 0.003627 0.000000
0.924413 0.056502 0.010957 0.004464 0.000009 0.003655 0.000000
0.924061 0.056766 0.011005 0.004481 0.000009 0.003677 0.000000
0.922749 0.057753 0.011210 0.004576 0.000009 0.003701 0.000000
0.923341 0.057249 0.011139 0.004560 0.000009 0.003701 0.000000
0.922849 0.057644 0.011205 0.004580 0.000009 0.003713 0.000000
0.922734 0.057681 0.011234 0.004616 0.000009 0.003726 0.000000
0.922192 0.058110 0.011333 0.004626 0.000009 0.003730 0.000000
0.921705 0.058482 0.011395 0.004658 0.000009 0.003750 0.000000
0.921237 0.058825 0.011487 0.004690 0.000009 0.003752 0.000000
0.921805 0.058330 0.011401 0.004676 0.000009 0.003779 0.000000
0.921523 0.058533 0.011449 0.004674 0.000009 0.003811 0.000000
0.920779 0.059117 0.011564 0.004727 0.000009 0.003803 0.000000
0.920781 0.059073 0.011582 0.004734 0.000009 0.003821 0.000000
0.919868 0.059799 0.011719 0.004769 0.000009 0.003836 0.000000
0.919549 0.060044 0.011785 0.004767 0.000009 0.003845 0.000000
0.920366 0.059379 0.011643 0.004747 0.000009 0.003855 0.000000
0.919253 0.060229 0.011814 0.004818 0.000009 0.003876 0.000000
0.918151 0.061096 0.011964 0.004860 0.000009 0.003920 0.000000
0.918602 0.060783 0.011853 0.004839 0.000009 0.003913 0.000000
0.918292 0.061006 0.011889 0.004866 0.000009 0.003938 0.000000
0.918176 0.061041 0.011925 0.004889 0.000009 0.003960 0.000000
0.917765 0.061369 0.011986 0.004907 0.000010 0.003962 0.000000
0.916724 0.062138 0.012155 0.004966 0.000010 0.004007 0.000000
0.916813 0.062087 0.012132 0.004950 0.000010 0.004008 0.000000
0.915868 0.062808 0.012285 0.004981 0.000010 0.004049 0.000000
0.916475 0.062364 0.012162 0.004954 0.000010 0.004035 0.000000
0.915625 0.062975 0.012322 0.004992 0.000010 0.004076 0.000000
0.913502 0.064612 0.012646 0.005090 0.000010 0.004141 0.000000
0.915308 0.063157 0.012369 0.005059 0.000010 0.004098 0.000000
0.915600 0.062940 0.012361 0.005010 0.000010 0.004078 0.000000
0.914534 0.063736 0.012466 0.005113 0.000010 0.004141 0.000000
0.913913 0.064213 0.012584 0.005122 0.000010 0.004158 0.000000
0.912857 0.064995 0.012762 0.005159 0.000010 0.004217 0.000000
0.913197 0.064769 0.012680 0.005150 0.000010 0.004194 0.000000
0.913307 0.064633 0.012694 0.005154 0.000010 0.004203 0.000000
0.911406 0.066089 0.012971 0.005247 0.000010 0.004277 0.000000
0.911250 0.066187 0.013033 0.005250 0.000010 0.004270 0.000000
0.910579 0.066722 0.013090 0.005299 0.000010 0.004300 0.000000
0.911692 0.065908 0.012901 0.005198 0.000010 0.004292 0.000000
0.911596 0.065834 0.012982 0.005261 0.000010 0.004315 0.000000
0.910823 0.066368 0.013145 0.005291 0.000010 0.004363 0.000000
0.910267 0.066840 0.013212 0.005332 0.000010 0.004339 0.000000
0.910113 0.066863 0.013248 0.005404 0.000010 0.004362 0.000000
0.909731 0.067133 0.013334 0.005404 0.000010 0.004389 0.000000
0.909634 0.067238 0.013349 0.005368 0.000010 0.004400 0.000000
0.908158 0.068450 0.013540 0.005420 0.000010 0.004423 0.000000
0.907914 0.068533 0.013574 0.005508 0.000010 0.004462 0.000000
0.905681 0.070242 0.013950 0.005589 0.000009 0.004529 0.000000
0.905403 0.070459 0.014064 0.005572 0.000009 0.004492 0.000000
0.908210 0.068361 0.013517 0.005514 0.000010 0.004389 0.000000
0.903878 0.071561 0.014258 0.005696 0.000009 0.004597 0.000000
0.903992 0.071530 0.014257 0.005628 0.000009 0.004584 0.000000
0.903728 0.071626 0.014286 0.005727 0.000009 0.004624 0.000000
0.903628 0.071711 0.014329 0.005720 0.000009 0.004604 0.000000
0.901613 0.073188 0.014701 0.005789 0.000009 0.004701 0.000000
0.901154 0.073497 0.014776 0.005827 0.000009 0.004737 0.000000
0.902050 0.072827 0.014586 0.005849 0.000009 0.004678 0.000000
0.901812 0.073020 0.014655 0.005813 0.000009 0.004690 0.000000
0.899306 0.075004 0.014990 0.005904 0.000009 0.004787 0.000000
0.900697 0.073804 0.014791 0.005924 0.000009 0.004776 0.000000
0.900989 0.073641 0.014789 0.005882 0.000009 0.004691 0.000000
0.897890 0.075979 0.015190 0.006060 0.000009 0.004871 0.000000
0.897493 0.076174 0.015349 0.006070 0.000010 0.004905 0.000000
0.897343 0.076325 0.015312 0.006083 0.000010 0.004927 0.000000
0.897940 0.075847 0.015229 0.006099 0.000010 0.004876 0.000000
0.896819 0.076632 0.015454 0.006139 0.000010 0.004947 0.000000
0.894884 0.078117 0.015681 0.006238 0.000009 0.005071 0.000000
0.895066 0.077857 0.015792 0.006222 0.000009 0.005053 0.000000
0.895524 0.077568 0.015695 0.006188 0.000009 0.005016 0.000000
0.893505 0.079055 0.016035 0.006252 0.000009 0.005143 0.000000
0.892768 0.079574 0.016146 0.006320 0.000009 0.005184 0.000000
0.893666 0.078917 0.016004 0.006306 0.000009 0.005097 0.000000
0.892767 0.079452 0.016189 0.006414 0.000009 0.005168 0.000000
0.892918 0.079242 0.016234 0.006398 0.000009 0.005200 0.000000
0.891972 0.080164 0.016221 0.006492 0.000009 0.005143 0.000000
0.887527 0.083373 0.016951 0.006778 0.000009 0.005362 0.000000
0.888130 0.082850 0.016896 0.006721 0.000009 0.005394 0.000000
0.888217 0.082772 0.016837 0.006704 0.000009 0.005461 0.000000
0.885294 0.084897 0.017302 0.006888 0.000009 0.005611 0.000000
0.888644 0.082525 0.016730 0.006742 0.000009 0.005349 0.000000
0.886139 0.084270 0.017232 0.006820 0.000009 0.005531 0.000000
0.884325 0.085572 0.017584 0.006925 0.000008 0.005585 0.000000
0.882643 0.086838 0.017783 0.007066 0.000008 0.005663 0.000000
0.881723 0.087381 0.018110 0.007060 0.000008 0.005717 0.000000
0.882760 0.086471 0.017918 0.007064 0.000009 0.005778 0.000000
0.883407 0.085940 0.017871 0.006997 0.000009 0.005777 0.000000
0.882572 0.086607 0.017927 0.007123 0.000009 0.005762 0.000000
0.882565 0.086693 0.017905 0.007045 0.000011 0.005781 0.000000
0.879029 0.089241 0.018558 0.007301 0.000010 0.005862 0.000000
0.877835 0.090127 0.018630 0.007391 0.000014 0.006003 0.000000
0.876666 0.090799 0.019009 0.007468 0.000012 0.006046 0.000000
0.876369 0.091069 0.018985 0.007506 0.000014 0.006057 0.000000
0.875739 0.091406 0.019100 0.007561 0.000011 0.006183 0.000000
0.872960 0.093570 0.019515 0.007723 0.000010 0.006222 0.000000
0.871300 0.094631 0.019959 0.007801 0.000014 0.006294 0.000000
0.871959 0.094260 0.019632 0.007766 0.000010 0.006373 0.000000
0.873517 0.093033 0.019513 0.007656 0.000015 0.006265 0.000000
0.871551 0.094403 0.019857 0.007861 0.000011 0.006317 0.000000
0.871890 0.094133 0.019873 0.007769 0.000017 0.006318 0.000000
0.871030 0.094656 0.019915 0.007894 0.000015 0.006489 0.000000
0.872796 0.093347 0.019767 0.007806 0.000010 0.006274 0.000000
0.869797 0.095361 0.020350 0.008031 0.000015 0.006444 0.000000
0.867211 0.097190 0.020778 0.008175 0.000012 0.006634 0.000000
0.870525 0.094827 0.020161 0.008003 0.000015 0.006469 0.000000
0.866230 0.097792 0.020922 0.008298 0.000016 0.006743 0.000000
0.866604 0.097536 0.020874 0.008316 0.000018 0.006651 0.000000
0.866826 0.097143 0.020900 0.008283 0.000016 0.006831 0.000000
0.865250 0.098393 0.021102 0.008433 0.000021 0.006801 0.000000
0.863326 0.099726 0.021595 0.008532 0.000015 0.006808 0.000000
0.862054 0.100620 0.021738 0.008624 0.000021 0.006943 0.000000
0.861415 0.101141 0.021775 0.008676 0.000018 0.006975 0.000000
0.858782 0.102648 0.022425 0.008877 0.000018 0.007250 0.000000
0.861350 0.101129 0.021817 0.008677 0.000017 0.007009 0.000000
0.855088 0.105371 0.022978 0.009028 0.000024 0.007511 0.000000
0.856126 0.104621 0.022798 0.009052 0.000025 0.007378 0.000000
0.856306 0.104371 0.022798 0.009133 0.000027 0.007365 0.000000
0.852816 0.106742 0.023444 0.009386 0.000030 0.007582 0.000000
0.853811 0.105864 0.023350 0.009340 0.000025 0.007609 0.000000
0.854476 0.105489 0.023231 0.009207 0.000025 0.007573 0.000000
0.853550 0.106220 0.023329 0.009375 0.000021 0.007505 0.000000
0.852395 0.107183 0.023351 0.009377 0.000033 0.007661 0.000000
0.851631 0.107197 0.023727 0.009565 0.000029 0.007851 0.000000
0.850246 0.108776 0.023698 0.009492 0.000022 0.007767 0.000000
0.849300 0.109153 0.023960 0.009654 0.000022 0.007911 0.000000
0.844666 0.112330 0.024850 0.009940 0.000027 0.008187 0.000000
0.849775 0.108662 0.024038 0.009575 0.000029 0.007921 0.000000
0.844287 0.112500 0.025057 0.009942 0.000030 0.008184 0.000000
0.845885 0.111171 0.024846 0.009950 0.000021 0.008127 0.000000
0.844888 0.112009 0.024815 0.010051 0.000023 0.008214 0.000000
0.841857 0.113848 0.025482 0.010264 0.000025 0.008523 0.000000
0.844865 0.112036 0.024815 0.010069 0.000028 0.008187 0.000000
0.841201 0.114598 0.025540 0.010214 0.000030 0.008417 0.000000
0.839925 0.115241 0.025784 0.010459 0.000028 0.008564 0.000000
0.838098 0.116423 0.026133 0.010578 0.000028 0.008739 0.000000
0.837339 0.117046 0.026289 0.010549 0.000024 0.008752 0.000000
0.840812 0.114766 0.025507 0.010435 0.000026 0.008453 0.000000
0.837157 0.116876 0.026363 0.010688 0.000026 0.008890 0.000000
0.831541 0.120886 0.027378 0.010971 0.000022 0.009202 0.000000
0.835067 0.118573 0.026563 0.010803 0.000030 0.008963 0.000000
0.833937 0.119271 0.026905 0.010781 0.000032 0.009074 0.000000
0.828767 0.122737 0.027907 0.011093 0.000029 0.009468 0.000000
0.828904 0.122643 0.027734 0.011241 0.000032 0.009446 0.000000
0.828717 0.122797 0.027995 0.011121 0.000023 0.009347 0.000000
0.828293 0.122975 0.028065 0.011248 0.000031 0.009388 0.000000
0.827930 0.123257 0.028034 0.011277 0.000032 0.009470 0.000000
0.824595 0.125340 0.028626 0.011596 0.000025 0.009818 0.000000
0.827601 0.123253 0.028214 0.011284 0.000031 0.009617 0.000000
0.827536 0.123335 0.028187 0.011324 0.000027 0.009592 0.000000
0.826056 0.124455 0.028379 0.011350 0.000028 0.009732 0.000000
0.822879 0.126577 0.029017 0.011541 0.000034 0.009952 0.000000
0.821764 0.126938 0.029334 0.011818 0.000036 0.010110 0.000000
0.819039 0.128964 0.029768 0.011943 0.000026 0.010261 0.000000
0.821386 0.127477 0.029187 0.011778 0.000034 0.010137 0.000000
0.820409 0.127820 0.029437 0.012002 0.000035 0.010296 0.000000
0.815306 0.131230 0.030596 0.012184 0.000034 0.010650 0.000000
0.814559 0.131757 0.030574 0.012334 0.000031 0.010745 0.000000
0.813710 0.132226 0.030926 0.012312 0.000030 0.010795 0.000000
0.811921 0.133690 0.031088 0.012460 0.000039 0.010802 0.000000
0.811367 0.133535 0.031587 0.012506 0.000037 0.010968 0.000000
0.814809 0.131499 0.030670 0.012288 0.000033 0.010701 0.000000
0.808815 0.135352 0.031767 0.012860 0.000035 0.011171 0.000000
0.810473 0.133950 0.031592 0.012693 0.000037 0.011253 0.000000
0.806723 0.136884 0.032011 0.012969 0.000038 0.011376 0.000000
0.804244 0.138229 0.032692 0.013189 0.000034 0.011611 0.000000
0.806995 0.136659 0.031882 0.013084 0.000044 0.011336 0.000000
0.804377 0.138374 0.032506 0.013200 0.000043 0.011501 0.000000
0.806546 0.136995 0.031856 0.013146 0.000039 0.011418 0.000000
0.802122 0.139583 0.032950 0.013420 0.000042 0.011883 0.000000
0.802469 0.139666 0.032733 0.013310 0.000037 0.011786 0.000000
0.799959 0.141107 0.033356 0.013557 0.000042 0.011978 0.000000
0.800259 0.140729 0.033345 0.013483 0.000047 0.012138 0.000000
0.802998 0.139008 0.032854 0.013347 0.000041 0.011751 0.000000
0.795623 0.143945 0.034121 0.013901 0.000037 0.012373 0.000000
0.794763 0.144045 0.034662 0.014008 0.000054 0.012468 0.000000
0.794124 0.144761 0.034611 0.014003 0.000044 0.012457 0.000000
0.799118 0.141098 0.033999 0.013631 0.000041 0.012113 0.000000
0.795994 0.143657 0.034273 0.013749 0.000049 0.012278 0.000000
0.793335 0.145054 0.034902 0.014123 0.000054 0.012532 0.000000
0.787481 0.148827 0.035824 0.014625 0.000050 0.013194 0.000000
0.788794 0.147843 0.035850 0.014515 0.000049 0.012950 0.000000
0.792352 0.145491 0.035089 0.014284 0.000054 0.012731 0.000000
0.789003 0.147750 0.035733 0.014538 0.000045 0.012931 0.000000
0.784542 0.150518 0.036679 0.014872 0.000045 0.013343 0.000000
0.788472 0.147911 0.035893 0.014528 0.000048 0.013147 0.000000
0.781927 0.152158 0.037310 0.015041 0.000052 0.013512 0.000000
0.784730 0.150310 0.036728 0.014865 0.000052 0.013316 0.000000
0.783872 0.150815 0.036936 0.014937 0.000047 0.013393 0.000000
0.778991 0.153624 0.037926 0.015443 0.000052 0.013965 0.000000
0.778471 0.153776 0.038221 0.015464 0.000050 0.014018 0.000000
0.779910 0.152776 0.038016 0.015464 0.000050 0.013784 0.000000
0.775181 0.155785 0.038961 0.015750 0.000048 0.014275 0.000000
0.776084 0.155188 0.038675 0.015857 0.000053 0.014144 0.000000
0.777978 0.153983 0.038365 0.015640 0.000050 0.013984 0.000000
0.775878 0.155539 0.038855 0.015623 0.000046 0.014060 0.000000
0.775711 0.155284 0.038780 0.015823 0.000045 0.014356 0.000000
0.777870 0.153845 0.038590 0.015572 0.000042 0.014082 0.000000
0.770270 0.158539 0.040102 0.016322 0.000043 0.014724 0.000000
0.768544 0.159629 0.040391 0.016339 0.000037 0.015060 0.000000
0.767421 0.160200 0.040518 0.016573 0.000048 0.015240 0.000000
0.768411 0.159732 0.040362 0.016387 0.000051 0.015058 0.000000
0.767623 0.160478 0.040348 0.016508 0.000041 0.015003 0.000000
0.765522 0.161582 0.040789 0.016753 0.000049 0.015306 0.000000
0.765519 0.161410 0.041051 0.016669 0.000043 0.015308 0.000000
0.763508 0.162235 0.041713 0.016924 0.000049 0.015571 0.000000
0.764205 0.162157 0.041399 0.016754 0.000042 0.015443 0.000000
0.765104 0.161347 0.041270 0.016782 0.000051 0.015446 0.000000
0.763799 0.162234 0.041439 0.016864 0.000045 0.015619 0.000000
0.762405 0.162817 0.041753 0.017056 0.000044 0.015925 0.000000
0.758480 0.165696 0.042465 0.017268 0.000047 0.016043 0.000000
0.757555 0.166006 0.042776 0.017359 0.000054 0.016250 0.000000
0.752669 0.168678 0.044028 0.017850 0.000041 0.016735 0.000000
0.755685 0.166913 0.043243 0.017639 0.000043 0.016477 0.000000
0.758384 0.165274 0.042558 0.017361 0.000053 0.016370 0.000000
0.752704 0.168646 0.043641 0.018064 0.000049 0.016896 0.000000
0.754940 0.167231 0.043405 0.017695 0.000053 0.016677 0.000000
0.747714 0.171352 0.044862 0.018550 0.000049 0.017473 0.000000
0.750225 0.169850 0.044412 0.018159 0.000050 0.017304 0.000000
0.747136 0.171572 0.045003 0.018548 0.000054 0.017686 0.000000
0.744271 0.173350 0.045718 0.018610 0.000051 0.017999 0.000000
0.747175 0.171808 0.044957 0.018359 0.000051 0.017650 0.000000
0.742979 0.174070 0.046022 0.018839 0.000051 0.018039 0.000000
0.746034 0.171854 0.045411 0.018680 0.000041 0.017980 0.000000
0.739383 0.176089 0.046714 0.019206 0.000049 0.018559 0.000000
0.742214 0.174082 0.046035 0.019022 0.000046 0.018601 0.000000
0.742456 0.174463 0.045875 0.018929 0.000052 0.018224 0.000000
0.739582 0.175879 0.046715 0.019303 0.000050 0.018471 0.000000
0.738641 0.176224 0.046890 0.019424 0.000051 0.018770 0.000000
0.734548 0.178836 0.047790 0.019642 0.000053 0.019130 0.000000
0.733835 0.178822 0.048064 0.019884 0.000058 0.019338 0.000000
0.731888 0.180149 0.048401 0.020101 0.000054 0.019406 0.000000
0.732903 0.179688 0.048120 0.019964 0.000053 0.019272 0.000000
0.732409 0.180108 0.048250 0.019840 0.000045 0.019347 0.000000
0.726008 0.183145 0.050169 0.020570 0.000060 0.020047 0.000000
0.729383 0.181297 0.049207 0.020303 0.000059 0.019752 0.000000
0.727075 0.182702 0.049626 0.020418 0.000065 0.020114 0.000000
0.726165 0.182694 0.050167 0.020634 0.000060 0.020280 0.000000
0.730009 0.181027 0.048850 0.020280 0.000055 0.019780 0.000000
0.729435 0.181084 0.049111 0.020312 0.000062 0.019995 0.000000
0.725978 0.182611 0.050307 0.020592 0.000056 0.020456 0.000000
0.721356 0.185372 0.051161 0.021104 0.000062 0.020944 0.000000
0.719855 0.186410 0.051435 0.021212 0.000062 0.021025 0.000000
0.720643 0.186364 0.050961 0.021166 0.000055 0.020811 0.000000
0.717632 0.187660 0.051833 0.021473 0.000061 0.021341 0.000000
0.716702 0.187891 0.052340 0.021551 0.000061 0.021454 0.000000
0.717353 0.187641 0.052003 0.021551 0.000070 0.021382 0.000000
0.714391 0.188967 0.052896 0.021881 0.000062 0.021804 0.000000
0.714245 0.189547 0.052762 0.021648 0.000069 0.021729 0.000000
0.714341 0.188796 0.053025 0.021915 0.000072 0.021851 0.000000
0.710243 0.191340 0.053887 0.022261 0.000060 0.022209 0.000000
0.706965 0.193205 0.054596 0.022513 0.000070 0.022651 0.000000
0.714588 0.188919 0.053090 0.021686 0.000062 0.021655 0.000000
0.708499 0.192121 0.054285 0.022439 0.000055 0.022600 0.000000
0.704403 0.194059 0.055534 0.022754 0.000067 0.023183 0.000000
0.709091 0.191755 0.054222 0.022294 0.000062 0.022577 0.000000
0.703493 0.195061 0.055625 0.022814 0.000063 0.022944 0.000000
0.704885 0.193939 0.055379 0.022754 0.000065 0.022978 0.000000
0.707267 0.192745 0.054656 0.022444 0.000060 0.022828 0.000000
0.704674 0.194030 0.055478 0.022770 0.000059 0.022990 0.000000
0.699060 0.196930 0.056696 0.023460 0.000061 0.023793 0.000000
0.702216 0.195127 0.056068 0.022978 0.000065 0.023545 0.000000
0.698110 0.197262 0.057124 0.023508 0.000058 0.023938 0.000000
0.698501 0.197503 0.056826 0.023241 0.000063 0.023865 0.000000
0.696591 0.198127 0.057405 0.023523 0.000074 0.024280 0.000000
0.695101 0.199228 0.057681 0.023555 0.000066 0.024369 0.000000
0.691197 0.201158 0.058638 0.024097 0.000066 0.024844 0.000000
0.691491 0.200815 0.058678 0.023985 0.000075 0.024955 0.000000
0.695123 0.198674 0.057788 0.023798 0.000068 0.024549 0.000000
0.696563 0.197913 0.057397 0.023804 0.000070 0.024253 0.000000
0.689023 0.202378 0.059064 0.024359 0.000067 0.025109 0.000000
0.688547 0.201850 0.059388 0.024701 0.000071 0.025442 0.000000
0.691428 0.200906 0.058686 0.024166 0.000069 0.024744 0.000000
0.688230 0.202411 0.059464 0.024377 0.000075 0.025443 0.000000
0.692334 0.200076 0.058647 0.023947 0.000065 0.024930 0.000000
0.683715 0.204682 0.060441 0.024993 0.000067 0.026102 0.000000
0.680810 0.205818 0.061443 0.025238 0.000072 0.026619 0.000000
0.679623 0.206351 0.061815 0.025426 0.000082 0.026703 0.000000
0.683044 0.204761 0.060914 0.025030 0.000080 0.026171 0.000000
0.677656 0.207765 0.062200 0.025475 0.000077 0.026828 0.000000
0.681551 0.205259 0.061142 0.025313 0.000077 0.026658 0.000000
0.677929 0.207269 0.062243 0.025502 0.000080 0.026977 0.000000
0.676466 0.207776 0.062410 0.025786 0.000080 0.027481 0.000000
0.680364 0.206095 0.061438 0.025223 0.000080 0.026800 0.000000
0.676214 0.208657 0.062368 0.025579 0.000089 0.027094 0.000000
0.669146 0.212190 0.064102 0.026356 0.000086 0.028120 0.000000
0.670703 0.210913 0.063766 0.026222 0.000075 0.028321 0.000000
0.668856 0.212025 0.064206 0.026366 0.000086 0.028460 0.000000
0.670860 0.210663 0.063824 0.026263 0.000077 0.028312 0.000000
0.667618 0.212436 0.064692 0.026451 0.000083 0.028720 0.000000
0.665880 0.213524 0.064933 0.026710 0.000082 0.028871 0.000000
0.666470 0.212970 0.064961 0.026639 0.000083 0.028877 0.000000
0.663688 0.214296 0.065670 0.026892 0.000076 0.029378 0.000000
0.665214 0.213258 0.065435 0.026768 0.000083 0.029242 0.000000
0.661429 0.214963 0.066424 0.027172 0.000085 0.029927 0.000000
0.661969 0.215091 0.066116 0.027175 0.000094 0.029556 0.000000
0.658584 0.216462 0.067233 0.027318 0.000089 0.030315 0.000000
0.660723 0.215528 0.066574 0.027113 0.000087 0.029975 0.000000
0.663702 0.213517 0.066017 0.027019 0.000077 0.029668 0.000000
0.656149 0.217392 0.067956 0.027749 0.000092 0.030662 0.000000
0.651984 0.219352 0.069087 0.028167 0.000087 0.031324 0.000000
0.654360 0.218653 0.068096 0.027983 0.000081 0.030827 0.000000
0.656144 0.217566 0.067951 0.027656 0.000078 0.030606 0.000000
0.648314 0.221408 0.069898 0.028461 0.000084 0.031835 0.000000
0.652972 0.218501 0.068740 0.028193 0.000087 0.031507 0.000000
0.652483 0.218752 0.069085 0.028079 0.000084 0.031518 0.000000
0.655276 0.217560 0.067998 0.028043 0.000077 0.031046 0.000000
0.645129 0.222228 0.070822 0.029016 0.000089 0.032715 0.000000
0.649016 0.220451 0.069879 0.028603 0.000079 0.031973 0.000000
0.647936 0.220931 0.070264 0.028730 0.000081 0.032056 0.000000
0.643479 0.222349 0.071652 0.029268 0.000086 0.033165 0.000000
0.646583 0.221277 0.070559 0.028933 0.000095 0.032552 0.000000
0.643859 0.222825 0.071280 0.029184 0.000091 0.032761 0.000000
0.645240 0.221386 0.071077 0.029175 0.000091 0.033030 0.000000
0.641516 0.223822 0.071784 0.029581 0.000093 0.033205 0.000000
0.641777 0.223296 0.072104 0.029387 0.000094 0.033342 0.000000
0.637424 0.224788 0.073250 0.030034 0.000093 0.034412 0.000000
0.632856 0.227524 0.074251 0.030406 0.000101 0.034862 0.000000
0.635963 0.225873 0.073563 0.030138 0.000092 0.034370 0.000000
0.634917 0.226047 0.073815 0.030162 0.000099 0.034961 0.000000
0.633743 0.226752 0.074351 0.030389 0.000089 0.034676 0.000000
0.631668 0.227161 0.075007 0.030621 0.000090 0.035453 0.000000
0.630514 0.227668 0.075055 0.030803 0.000098 0.035863 0.000000
0.632423 0.226559 0.074983 0.030618 0.000086 0.035332 0.000000
0.633376 0.226221 0.074596 0.030459 0.000092 0.035255 0.000000
0.632269 0.227056 0.074693 0.030590 0.000093 0.035299 0.000000
0.626896 0.229155 0.076209 0.031175 0.000102 0.036463 0.000000
0.627994 0.228992 0.075755 0.031037 0.000100 0.036122 0.000000
0.628584 0.228411 0.075700 0.030943 0.000091 0.036271 0.000000
0.627913 0.228481 0.075892 0.031318 0.000093 0.036303 0.000000
0.623257 0.230284 0.077426 0.031736 0.000092 0.037204 0.000000
0.623029 0.230220 0.077322 0.031818 0.000094 0.037517 0.000000
0.620935 0.231766 0.077574 0.031784 0.000094 0.037847 0.000000
0.622716 0.230962 0.077208 0.031507 0.000093 0.037514 0.000000
0.618656 0.232590 0.078398 0.032057 0.000099 0.038199 0.000000
0.619088 0.231892 0.078468 0.032259 0.000107 0.038186 0.000000
0.616149 0.233385 0.079163 0.032504 0.000112 0.038688 0.000000
0.619023 0.232561 0.078085 0.032064 0.000096 0.038171 0.000000
0.614083 0.234663 0.079471 0.032674 0.000100 0.039009 0.000000
0.615068 0.233208 0.079301 0.032853 0.000109 0.039461 0.000000
0.617561 0.232269 0.078729 0.032452 0.000106 0.038882 0.000000
0.612712 0.234879 0.079820 0.032807 0.000105 0.039678 0.000000
0.610701 0.234787 0.080903 0.033198 0.000114 0.040296 0.000000
