0.999769 0.000184 0.000036 0.000011 0.000000 0.000000 0.000000
0.999703 0.000221 0.000030 0.000004 0.000000 0.000043 0.000000
0.999589 0.000322 0.000047 0.000011 0.000000 0.000031 0.000000
0.999499 0.000394 0.000057 0.000014 0.000000 0.000036 0.000000
0.999416 0.000454 0.000069 0.000018 0.000000 0.000043 0.000000
0.999331 0.000518 0.000081 0.000024 0.000000 0.000046 0.000000
0.999246 0.000580 0.000094 0.000031 0.000000 0.000049 0.000000
0.999160 0.000645 0.000108 0.000034 0.000000 0.000053 0.000000
0.999078 0.000704 0.000122 0.000039 0.000000 0.000057 0.000000
0.998989 0.000773 0.000135 0.000042 0.000000 0.000061 0.000000
0.998904 0.000839 0.000147 0.000045 0.000000 0.000066 0.000000
0.998816 0.000907 0.000157 0.000050 0.000000 0.000070 0.000000
0.998730 0.000973 0.000169 0.000054 0.000000 0.000075 0.000000
0.998649 0.001030 0.000181 0.000059 0.000000 0.000081 0.000000
0.998563 0.001095 0.000193 0.000063 0.000000 0.000085 0.000000
0.998482 0.001151 0.000210 0.000069 0.000000 0.000088 0.000000
0.998398 0.001213 0.000219 0.000076 0.000000 0.000094 0.000000
0.998314 0.001274 0.000233 0.000081 0.000000 0.000098 0.000000
0.998233 0.001330 0.000248 0.000086 0.000000 0.000102 0.000000
0.998147 0.001392 0.000263 0.000093 0.000000 0.000105 0.000000
0.998066 0.001451 0.000275 0.000098 0.000000 0.000110 0.000000
0.997984 0.001507 0.000291 0.000102 0.000000 0.000115 0.000000
0.997896 0.001575 0.000305 0.000106 0.000000 0.000117 0.000000
0.997813 0.001635 0.000321 0.000110 0.000000 0.000121 0.000000
0.997726 0.001702 0.000331 0.000117 0.000000 0.000125 0.000000
0.997643 0.001761 0.000345 0.000123 0.000000 0.000128 0.000000
0.997562 0.001816 0.000362 0.000129 0.000000 0.000132 0.000000
0.997481 0.001872 0.000378 0.000134 0.000000 0.000135 0.000000
0.997394 0.001938 0.000389 0.000139 0.000000 0.000139 0.000000
0.997306 0.002008 0.000398 0.000144 0.000000 0.000144 0.000000
0.997221 0.002071 0.000410 0.000150 0.000000 0.000148 0.000000
0.997133 0.002140 0.000421 0.000154 0.000000 0.000151 0.000000
0.997050 0.002203 0.000432 0.000160 0.000000 0.000156 0.000000
0.996967 0.002261 0.000446 0.000164 0.000000 0.000161 0.000000
0.996882 0.002324 0.000458 0.000171 0.000000 0.000164 0.000000
0.996797 0.002388 0.000469 0.000177 0.000000 0.000169 0.000000
0.996712 0.002452 0.000479 0.000182 0.000000 0.000175 0.000000
0.996628 0.002516 0.000488 0.000188 0.000000 0.000180 0.000000
0.996542 0.002581 0.000499 0.000193 0.000000 0.000186 0.000000
0.996457 0.002645 0.000508 0.000198 0.000000 0.000191 0.000000
0.996374 0.002705 0.000520 0.000205 0.000000 0.000196 0.000000
0.996291 0.002765 0.000536 0.000208 0.000001 0.000199 0.000000
0.996205 0.002828 0.000548 0.000215 0.000001 0.000203 0.000000
0.996120 0.002891 0.000559 0.000220 0.000001 0.000208 0.000000
0.996036 0.002953 0.000573 0.000226 0.000001 0.000212 0.000000
0.995952 0.003017 0.000587 0.000227 0.000001 0.000217 0.000000
0.995868 0.003079 0.000596 0.000233 0.000001 0.000223 0.000000
0.995782 0.003143 0.000609 0.000240 0.000001 0.000226 0.000000
0.995696 0.003207 0.000623 0.000245 0.000001 0.000228 0.000000
0.995609 0.003274 0.000632 0.000250 0.000001 0.000234 0.000000
0.995520 0.003346 0.000641 0.000255 0.000001 0.000238 0.000000
0.995441 0.003399 0.000656 0.000260 0.000001 0.000243 0.000000
0.995354 0.003465 0.000667 0.000265 0.000001 0.000248 0.000000
0.995270 0.003529 0.000677 0.000270 0.000001 0.000254 0.000000
0.995187 0.003588 0.000689 0.000277 0.000001 0.000259 0.000000
0.995099 0.003657 0.000697 0.000281 0.000001 0.000265 0.000000
0.995016 0.003717 0.000711 0.000287 0.000001 0.000269 0.000000
0.994929 0.003782 0.000722 0.000292 0.000001 0.000273 0.000000
0.994846 0.003845 0.000732 0.000298 0.000001 0.000279 0.000000
0.994764 0.003902 0.000749 0.000303 0.000001 0.000282 0.000000
0.994680 0.003964 0.000762 0.000308 0.000001 0.000285 0.000000
0.994596 0.004024 0.000774 0.000316 0.000001 0.000289 0.000000
0.994511 0.004091 0.000781 0.000320 0.000001 0.000296 0.000000
0.994427 0.004154 0.000795 0.000324 0.000001 0.000300 0.000000
0.994340 0.004221 0.000805 0.000329 0.000001 0.000304 0.000000
0.994254 0.004284 0.000815 0.000339 0.000001 0.000307 0.000000
0.994171 0.004346 0.000827 0.000342 0.000001 0.000314 0.000000
0.994087 0.004412 0.000835 0.000346 0.000001 0.000320 0.000000
0.994000 0.004479 0.000846 0.000351 0.000001 0.000325 0.000000
0.993918 0.004537 0.000857 0.000357 0.000001 0.000331 0.000000
0.993832 0.004602 0.000868 0.000362 0.000001 0.000336 0.000000
0.993749 0.004662 0.000883 0.000366 0.000001 0.000340 0.000000
0.993665 0.004722 0.000897 0.000373 0.000001 0.000342 0.000000
0.993581 0.004785 0.000908 0.000377 0.000001 0.000348 0.000000
0.993497 0.004849 0.000916 0.000385 0.000001 0.000352 0.000000
0.993418 0.004901 0.000931 0.000390 0.000001 0.000359 0.000000
0.993334 0.004962 0.000946 0.000396 0.000001 0.000361 0.000000
0.993250 0.005022 0.000959 0.000403 0.000001 0.000365 0.000000
0.993167 0.005081 0.000975 0.000407 0.000001 0.000369 0.000000
0.993084 0.005140 0.000989 0.000412 0.000001 0.000374 0.000000
0.992995 0.005210 0.000999 0.000418 0.000001 0.000377 0.000000
0.992911 0.005271 0.001010 0.000424 0.000001 0.000382 0.000000
0.992826 0.005335 0.001022 0.000430 0.000001 0.000387 0.000000
0.992741 0.005398 0.001033 0.000436 0.000001 0.000391 0.000000
0.992658 0.005458 0.001045 0.000442 0.000001 0.000395 0.000000
0.992578 0.005514 0.001060 0.000446 0.000001 0.000401 0.000000
0.992499 0.005566 0.001078 0.000450 0.000001 0.000405 0.000000
0.992416 0.005626 0.001091 0.000456 0.000001 0.000410 0.000000
0.992331 0.005691 0.001101 0.000461 0.000001 0.000416 0.000000
0.992243 0.005759 0.001114 0.000465 0.000001 0.000419 0.000000
0.992164 0.005812 0.001130 0.000468 0.000001 0.000425 0.000000
0.992082 0.005868 0.001145 0.000475 0.000001 0.000429 0.000000
0.991995 0.005938 0.001151 0.000479 0.000001 0.000435 0.000000
0.991910 0.006000 0.001168 0.000483 0.000001 0.000438 0.000000
0.991827 0.006058 0.001182 0.000491 0.000001 0.000442 0.000000
0.991742 0.006123 0.001191 0.000496 0.000001 0.000447 0.000000
0.991661 0.006179 0.001207 0.000502 0.000001 0.000451 0.000000
0.991577 0.006241 0.001218 0.000506 0.000001 0.000457 0.000000
0.991490 0.006310 0.001228 0.000510 0.000001 0.000461 0.000000
0.991408 0.006367 0.001244 0.000516 0.000001 0.000465 0.000000
0.991328 0.006422 0.001257 0.000520 0.000002 0.000471 0.000000
0.991241 0.006490 0.001270 0.000524 0.000002 0.000474 0.000000
0.991153 0.006559 0.001278 0.000529 0.000002 0.000479 0.000000
0.991072 0.006615 0.001294 0.000533 0.000002 0.000484 0.000000
0.990983 0.006686 0.001304 0.000537 0.000002 0.000489 0.000000
0.990899 0.006748 0.001315 0.000543 0.000002 0.000493 0.000000
0.990814 0.006815 0.001323 0.000546 0.000002 0.000501 0.000000
0.990727 0.006881 0.001333 0.000553 0.000002 0.000503 0.000000
0.990644 0.006941 0.001346 0.000559 0.000002 0.000508 0.000000
0.990558 0.007006 0.001357 0.000566 0.000002 0.000511 0.000000
0.990475 0.007068 0.001370 0.000569 0.000002 0.000516 0.000000
0.990393 0.007125 0.001384 0.000574 0.000002 0.000522 0.000000
0.990312 0.007180 0.001401 0.000581 0.000002 0.000524 0.000000
0.990230 0.007239 0.001415 0.000587 0.000002 0.000528 0.000000
0.990143 0.007305 0.001427 0.000590 0.000002 0.000533 0.000000
0.990057 0.007370 0.001438 0.000595 0.000002 0.000538 0.000000
0.989970 0.007437 0.001451 0.000598 0.000002 0.000541 0.000000
0.989886 0.007499 0.001463 0.000605 0.000002 0.000545 0.000000
0.989807 0.007552 0.001481 0.000610 0.000002 0.000548 0.000000
0.989722 0.007615 0.001495 0.000614 0.000002 0.000551 0.000000
0.989635 0.007683 0.001506 0.000616 0.000002 0.000557 0.000000
0.989552 0.007748 0.001515 0.000619 0.000002 0.000564 0.000000
0.989469 0.007809 0.001526 0.000624 0.000002 0.000569 0.000000
0.989384 0.007871 0.001539 0.000630 0.000002 0.000573 0.000000
0.989298 0.007937 0.001550 0.000636 0.000002 0.000577 0.000000
0.989215 0.007997 0.001565 0.000641 0.000002 0.000581 0.000000
0.989132 0.008059 0.001578 0.000643 0.000002 0.000585 0.000000
0.989046 0.008126 0.001590 0.000647 0.000002 0.000589 0.000000
0.988965 0.008182 0.001604 0.000651 0.000002 0.000595 0.000000
0.988880 0.008246 0.001617 0.000656 0.000002 0.000600 0.000000
0.988798 0.008305 0.001628 0.000664 0.000002 0.000604 0.000000
0.988711 0.008373 0.001639 0.000667 0.000002 0.000608 0.000000
0.988628 0.008433 0.001653 0.000671 0.000002 0.000613 0.000000
0.988544 0.008491 0.001670 0.000677 0.000002 0.000616 0.000000
0.988458 0.008555 0.001683 0.000683 0.000002 0.000618 0.000000
0.988376 0.008615 0.001696 0.000687 0.000002 0.000624 0.000000
0.988292 0.008674 0.001709 0.000694 0.000002 0.000628 0.000000
0.988211 0.008729 0.001724 0.000702 0.000002 0.000632 0.000000
0.988127 0.008793 0.001735 0.000705 0.000002 0.000637 0.000000
0.988046 0.008854 0.001745 0.000709 0.000002 0.000645 0.000000
0.987963 0.008916 0.001753 0.000716 0.000002 0.000650 0.000000
0.987876 0.008985 0.001762 0.000720 0.000003 0.000655 0.000000
0.987793 0.009043 0.001776 0.000726 0.000003 0.000660 0.000000
0.987712 0.009100 0.001789 0.000734 0.000003 0.000663 0.000000
0.987626 0.009165 0.001802 0.000738 0.000003 0.000666 0.000000
0.987541 0.009228 0.001816 0.000742 0.000003 0.000671 0.000000
0.987456 0.009290 0.001829 0.000747 0.000003 0.000675 0.000000
0.987374 0.009349 0.001844 0.000752 0.000003 0.000680 0.000000
0.987286 0.009416 0.001856 0.000756 0.000003 0.000683 0.000000
0.987200 0.009482 0.001869 0.000760 0.000003 0.000687 0.000000
0.987114 0.009546 0.001879 0.000768 0.000003 0.000691 0.000000
0.987029 0.009608 0.001893 0.000773 0.000003 0.000694 0.000000
0.986941 0.009677 0.001906 0.000776 0.000003 0.000698 0.000000
0.986857 0.009738 0.001920 0.000781 0.000003 0.000701 0.000000
0.986773 0.009799 0.001933 0.000787 0.000003 0.000705 0.000000
0.986692 0.009858 0.001947 0.000791 0.000003 0.000711 0.000000
0.986610 0.009916 0.001961 0.000796 0.000003 0.000715 0.000000
0.986523 0.009981 0.001973 0.000803 0.000003 0.000718 0.000000
0.986438 0.010045 0.001985 0.000807 0.000003 0.000722 0.000000
0.986357 0.010102 0.001997 0.000815 0.000003 0.000727 0.000000
0.986274 0.010164 0.002005 0.000821 0.000003 0.000733 0.000000
0.986190 0.010227 0.002015 0.000825 0.000003 0.000740 0.000000
0.986109 0.010284 0.002026 0.000831 0.000003 0.000747 0.000000
0.986024 0.010349 0.002036 0.000837 0.000003 0.000751 0.000000
0.985941 0.010410 0.002047 0.000843 0.000003 0.000756 0.000000
0.985858 0.010469 0.002062 0.000849 0.000003 0.000759 0.000000
0.985773 0.010532 0.002077 0.000853 0.000003 0.000763 0.000000
0.985686 0.010596 0.002091 0.000860 0.000003 0.000765 0.000000
0.985601 0.010661 0.002103 0.000864 0.000003 0.000769 0.000000
0.985513 0.010729 0.002115 0.000868 0.000003 0.000773 0.000000
0.985429 0.010790 0.002127 0.000874 0.000003 0.000777 0.000000
0.985346 0.010850 0.002140 0.000879 0.000003 0.000782 0.000000
0.985261 0.010914 0.002152 0.000885 0.000003 0.000786 0.000000
0.985174 0.010979 0.002164 0.000890 0.000003 0.000790 0.000000
0.985089 0.011044 0.002176 0.000895 0.000003 0.000795 0.000000
0.985002 0.011109 0.002189 0.000898 0.000003 0.000798 0.000000
0.984917 0.011173 0.002202 0.000903 0.000003 0.000803 0.000000
0.984833 0.011235 0.002214 0.000908 0.000003 0.000808 0.000000
0.984747 0.011299 0.002228 0.000912 0.000003 0.000812 0.000000
0.984660 0.011366 0.002240 0.000915 0.000003 0.000817 0.000000
0.984577 0.011427 0.002250 0.000921 0.000003 0.000822 0.000000
0.984493 0.011488 0.002265 0.000925 0.000003 0.000826 0.000000
0.984407 0.011556 0.002271 0.000929 0.000003 0.000834 0.000000
0.984322 0.011620 0.002283 0.000934 0.000003 0.000838 0.000000
0.984238 0.011682 0.002293 0.000941 0.000003 0.000843 0.000000
0.984156 0.011741 0.002305 0.000946 0.000003 0.000849 0.000000
0.984072 0.011803 0.002320 0.000949 0.000003 0.000853 0.000000
0.983982 0.011876 0.002331 0.000952 0.000003 0.000857 0.000000
0.983898 0.011937 0.002342 0.000958 0.000003 0.000862 0.000000
0.983815 0.011998 0.002353 0.000966 0.000003 0.000865 0.000000
0.983732 0.012058 0.002366 0.000970 0.000003 0.000871 0.000000
0.983647 0.012123 0.002380 0.000971 0.000003 0.000876 0.000000
0.983562 0.012187 0.002391 0.000976 0.000003 0.000882 0.000000
0.983478 0.012247 0.002406 0.000980 0.000003 0.000886 0.000000
0.983396 0.012308 0.002416 0.000987 0.000003 0.000890 0.000000
0.983313 0.012368 0.002429 0.000993 0.000003 0.000895 0.000000
0.983230 0.012428 0.002442 0.000997 0.000003 0.000899 0.000000
0.983144 0.012495 0.002452 0.001001 0.000003 0.000905 0.000000
0.983057 0.012561 0.002463 0.001007 0.000003 0.000909 0.000000
0.982971 0.012627 0.002472 0.001013 0.000003 0.000915 0.000000
0.982887 0.012687 0.002487 0.001017 0.000003 0.000918 0.000000
0.982802 0.012751 0.002500 0.001022 0.000003 0.000923 0.000000
0.982718 0.012813 0.002512 0.001027 0.000003 0.000928 0.000000
0.982633 0.012876 0.002524 0.001032 0.000003 0.000932 0.000000
0.982548 0.012938 0.002536 0.001038 0.000003 0.000936 0.000000
0.982465 0.012997 0.002551 0.001044 0.000003 0.000940 0.000000
0.982380 0.013062 0.002561 0.001049 0.000003 0.000945 0.000000
0.982296 0.013124 0.002573 0.001053 0.000003 0.000950 0.000000
0.982214 0.013183 0.002586 0.001062 0.000003 0.000952 0.000000
0.982132 0.013240 0.002601 0.001067 0.000003 0.000957 0.000000
0.982043 0.013312 0.002610 0.001071 0.000003 0.000961 0.000000
0.981962 0.013369 0.002623 0.001076 0.000003 0.000967 0.000000
0.981880 0.013424 0.002639 0.001083 0.000003 0.000971 0.000000
0.981799 0.013480 0.002651 0.001092 0.000003 0.000975 0.000000
0.981716 0.013543 0.002658 0.001101 0.000003 0.000979 0.000000
0.981633 0.013603 0.002669 0.001108 0.000003 0.000984 0.000000
0.981548 0.013668 0.002681 0.001111 0.000003 0.000990 0.000000
0.981466 0.013725 0.002696 0.001117 0.000003 0.000993 0.000000
0.981382 0.013789 0.002706 0.001124 0.000003 0.000997 0.000000
0.981294 0.013856 0.002717 0.001129 0.000003 0.001001 0.000000
0.981208 0.013922 0.002731 0.001132 0.000003 0.001004 0.000000
0.981126 0.013979 0.002745 0.001140 0.000003 0.001008 0.000000
0.981044 0.014039 0.002756 0.001145 0.000003 0.001013 0.000000
0.980955 0.014111 0.002765 0.001150 0.000003 0.001017 0.000000
0.980868 0.014177 0.002776 0.001153 0.000003 0.001023 0.000000
0.980786 0.014236 0.002788 0.001158 0.000003 0.001029 0.000000
0.980702 0.014298 0.002797 0.001165 0.000003 0.001034 0.000000
0.980620 0.014359 0.002808 0.001167 0.000003 0.001042 0.000000
0.980534 0.014426 0.002822 0.001170 0.000003 0.001046 0.000000
0.980450 0.014486 0.002835 0.001173 0.000003 0.001052 0.000000
0.980368 0.014547 0.002847 0.001177 0.000003 0.001058 0.000000
0.980285 0.014608 0.002862 0.001182 0.000003 0.001061 0.000000
0.980200 0.014672 0.002872 0.001186 0.000003 0.001067 0.000000
0.980116 0.014733 0.002886 0.001191 0.000003 0.001072 0.000000
0.980028 0.014801 0.002898 0.001195 0.000003 0.001075 0.000000
0.979942 0.014864 0.002913 0.001200 0.000003 0.001078 0.000000
0.979860 0.014920 0.002927 0.001207 0.000003 0.001082 0.000000
0.979770 0.014993 0.002938 0.001210 0.000003 0.001086 0.000000
0.979687 0.015053 0.002952 0.001215 0.000003 0.001090 0.000000
0.979601 0.015119 0.002963 0.001222 0.000003 0.001093 0.000000
0.979516 0.015180 0.002978 0.001228 0.000003 0.001095 0.000000
0.979434 0.015237 0.002992 0.001235 0.000003 0.001099 0.000000
0.979348 0.015302 0.003004 0.001239 0.000003 0.001104 0.000000
0.979265 0.015363 0.003015 0.001244 0.000003 0.001109 0.000000
0.979187 0.015416 0.003027 0.001252 0.000003 0.001114 0.000000
0.979108 0.015468 0.003046 0.001256 0.000003 0.001119 0.000000
0.979019 0.015538 0.003056 0.001261 0.000003 0.001122 0.000000
0.978937 0.015597 0.003071 0.001264 0.000003 0.001128 0.000000
0.978858 0.015650 0.003087 0.001269 0.000003 0.001133 0.000000
0.978776 0.015708 0.003100 0.001276 0.000003 0.001138 0.000000
0.978691 0.015771 0.003111 0.001282 0.000003 0.001142 0.000000
0.978605 0.015837 0.003124 0.001286 0.000003 0.001145 0.000000
0.978518 0.015904 0.003135 0.001290 0.000003 0.001150 0.000000
0.978439 0.015956 0.003150 0.001296 0.000003 0.001156 0.000000
0.978352 0.016024 0.003160 0.001301 0.000003 0.001160 0.000000
0.978263 0.016093 0.003170 0.001307 0.000003 0.001163 0.000000
0.978182 0.016153 0.003179 0.001313 0.000003 0.001170 0.000000
0.978094 0.016220 0.003190 0.001319 0.000003 0.001174 0.000000
0.978010 0.016284 0.003199 0.001322 0.000003 0.001181 0.000000
0.977924 0.016348 0.003212 0.001327 0.000003 0.001185 0.000000
0.977839 0.016413 0.003221 0.001333 0.000003 0.001190 0.000000
0.977754 0.016476 0.003235 0.001337 0.000003 0.001195 0.000000
0.977673 0.016532 0.003249 0.001343 0.000003 0.001200 0.000000
0.977589 0.016593 0.003260 0.001350 0.000003 0.001204 0.000000
0.977504 0.016657 0.003271 0.001356 0.000003 0.001208 0.000000
0.977418 0.016725 0.003282 0.001359 0.000003 0.001212 0.000000
0.977333 0.016789 0.003293 0.001365 0.000003 0.001216 0.000000
0.977251 0.016846 0.003310 0.001371 0.000003 0.001219 0.000000
0.977169 0.016907 0.003321 0.001373 0.000003 0.001226 0.000000
0.977081 0.016976 0.003331 0.001378 0.000003 0.001231 0.000000
0.976999 0.017032 0.003347 0.001384 0.000003 0.001235 0.000000
0.976917 0.017090 0.003362 0.001388 0.000003 0.001240 0.000000
0.976837 0.017146 0.003375 0.001394 0.000003 0.001246 0.000000
0.976754 0.017205 0.003390 0.001396 0.000003 0.001251 0.000000
0.976673 0.017260 0.003408 0.001402 0.000003 0.001254 0.000000
0.976590 0.017320 0.003420 0.001407 0.000003 0.001260 0.000000
0.976507 0.017380 0.003431 0.001413 0.000003 0.001266 0.000000
0.976423 0.017442 0.003443 0.001420 0.000003 0.001269 0.000000
0.976340 0.017500 0.003458 0.001426 0.000003 0.001272 0.000000
0.976250 0.017574 0.003467 0.001428 0.000003 0.001277 0.000000
0.976169 0.017632 0.003481 0.001431 0.000003 0.001284 0.000000
0.976086 0.017689 0.003496 0.001438 0.000003 0.001287 0.000000
0.975999 0.017757 0.003507 0.001442 0.000003 0.001292 0.000000
0.975914 0.017824 0.003518 0.001444 0.000003 0.001298 0.000000
0.975825 0.017894 0.003527 0.001449 0.000003 0.001302 0.000000
0.975741 0.017954 0.003542 0.001454 0.000003 0.001306 0.000000
0.975657 0.018014 0.003556 0.001463 0.000003 0.001308 0.000000
0.975573 0.018075 0.003566 0.001469 0.000003 0.001313 0.000000
0.975489 0.018137 0.003577 0.001477 0.000003 0.001317 0.000000
0.975402 0.018206 0.003585 0.001480 0.000003 0.001323 0.000000
0.975319 0.018265 0.003599 0.001486 0.000004 0.001327 0.000000
0.975234 0.018326 0.003613 0.001492 0.000004 0.001331 0.000000
0.975151 0.018386 0.003627 0.001496 0.000004 0.001336 0.000000
0.975067 0.018447 0.003639 0.001503 0.000004 0.001340 0.000000
0.974982 0.018508 0.003653 0.001510 0.000004 0.001343 0.000000
0.974902 0.018563 0.003667 0.001516 0.000004 0.001348 0.000000
0.974813 0.018633 0.003677 0.001519 0.000004 0.001353 0.000000
0.974727 0.018699 0.003688 0.001524 0.000004 0.001358 0.000000
0.974644 0.018759 0.003698 0.001532 0.000004 0.001363 0.000000
0.974561 0.018821 0.003709 0.001537 0.000004 0.001368 0.000000
0.974475 0.018886 0.003723 0.001540 0.000004 0.001373 0.000000
0.974390 0.018951 0.003732 0.001544 0.000004 0.001379 0.000000
0.974308 0.019009 0.003749 0.001548 0.000004 0.001383 0.000000
0.974224 0.019069 0.003765 0.001553 0.000004 0.001385 0.000000
0.974139 0.019131 0.003777 0.001562 0.000004 0.001388 0.000000
0.974061 0.019183 0.003793 0.001567 0.000004 0.001392 0.000000
0.973979 0.019241 0.003803 0.001576 0.000004 0.001397 0.000000
0.973866 0.019326 0.003816 0.001584 0.000004 0.001404 0.000000
0.973695 0.019452 0.003838 0.001598 0.000004 0.001413 0.000000
0.973727 0.019427 0.003838 0.001592 0.000004 0.001412 0.000000
0.973610 0.019516 0.003853 0.001599 0.000004 0.001419 0.000000
0.973544 0.019559 0.003869 0.001603 0.000004 0.001421 0.000000
0.973461 0.019618 0.003885 0.001607 0.000004 0.001426 0.000000
0.973309 0.019730 0.003904 0.001620 0.000004 0.001433 0.000000
0.973238 0.019781 0.003917 0.001624 0.000004 0.001437 0.000000
0.973188 0.019817 0.003928 0.001623 0.000004 0.001440 0.000000
0.973102 0.019878 0.003944 0.001628 0.000004 0.001444 0.000000
0.972996 0.019958 0.003961 0.001633 0.000004 0.001448 0.000000
0.972810 0.020100 0.003980 0.001650 0.000004 0.001456 0.000000
0.972734 0.020156 0.003989 0.001659 0.000004 0.001458 0.000000
0.972670 0.020206 0.004001 0.001657 0.000004 0.001462 0.000000
0.972675 0.020198 0.004007 0.001653 0.000004 0.001463 0.000000
0.972497 0.020332 0.004029 0.001671 0.000004 0.001468 0.000000
0.972388 0.020412 0.004045 0.001677 0.000004 0.001474 0.000000
0.972384 0.020413 0.004049 0.001676 0.000004 0.001474 0.000000
0.972212 0.020533 0.004073 0.001696 0.000004 0.001482 0.000000
0.972125 0.020602 0.004083 0.001699 0.000004 0.001486 0.000000
0.972028 0.020675 0.004097 0.001705 0.000004 0.001491 0.000000
0.971971 0.020714 0.004109 0.001708 0.000004 0.001493 0.000000
0.971876 0.020784 0.004125 0.001710 0.000004 0.001500 0.000000
0.971768 0.020861 0.004143 0.001716 0.000004 0.001509 0.000000
0.971696 0.020916 0.004151 0.001723 0.000004 0.001509 0.000000
0.971581 0.021003 0.004166 0.001731 0.000004 0.001515 0.000000
0.971386 0.021147 0.004189 0.001745 0.000004 0.001529 0.000000
0.971292 0.021218 0.004204 0.001748 0.000004 0.001534 0.000000
0.971327 0.021186 0.004207 0.001742 0.000004 0.001533 0.000000
0.971146 0.021319 0.004233 0.001756 0.000004 0.001542 0.000000
0.971070 0.021373 0.004242 0.001766 0.000004 0.001545 0.000000
0.970868 0.021519 0.004268 0.001785 0.000004 0.001556 0.000000
0.970650 0.021689 0.004293 0.001801 0.000004 0.001564 0.000000
0.970702 0.021645 0.004297 0.001790 0.000004 0.001562 0.000000
0.970675 0.021659 0.004305 0.001792 0.000004 0.001566 0.000000
0.970595 0.021724 0.004312 0.001798 0.000005 0.001567 0.000000
0.970407 0.021856 0.004333 0.001827 0.000005 0.001573 0.000000
0.970468 0.021796 0.004340 0.001820 0.000005 0.001572 0.000000
0.970300 0.021922 0.004363 0.001829 0.000005 0.001581 0.000000
0.970282 0.021948 0.004364 0.001818 0.000005 0.001582 0.000000
0.969659 0.022414 0.004444 0.001869 0.000004 0.001609 0.000000
0.969914 0.022224 0.004416 0.001839 0.000005 0.001603 0.000000
0.969815 0.022317 0.004428 0.001835 0.000006 0.001599 0.000000
0.969452 0.022563 0.004476 0.001881 0.000005 0.001623 0.000000
0.969458 0.022573 0.004483 0.001863 0.000006 0.001617 0.000000
0.969455 0.022565 0.004498 0.001856 0.000007 0.001618 0.000000
0.969388 0.022621 0.004495 0.001869 0.000006 0.001621 0.000000
0.969259 0.022716 0.004509 0.001879 0.000006 0.001631 0.000000
0.968900 0.023013 0.004544 0.001898 0.000006 0.001639 0.000000
0.968644 0.023189 0.004592 0.001914 0.000007 0.001655 0.000000
0.968759 0.023088 0.004585 0.001910 0.000007 0.001651 0.000000
0.968210 0.023513 0.004650 0.001944 0.000007 0.001676 0.000000
0.968458 0.023313 0.004626 0.001929 0.000007 0.001667 0.000000
0.968317 0.023453 0.004628 0.001929 0.000006 0.001667 0.000000
0.968234 0.023500 0.004653 0.001927 0.000007 0.001679 0.000000
0.967728 0.023851 0.004736 0.001974 0.000007 0.001704 0.000000
0.967731 0.023844 0.004734 0.001977 0.000007 0.001708 0.000000
0.967604 0.023912 0.004773 0.001981 0.000007 0.001723 0.000000
0.967697 0.023902 0.004729 0.001960 0.000006 0.001706 0.000000
0.967514 0.024005 0.004784 0.001971 0.000008 0.001718 0.000000
0.966893 0.024479 0.004853 0.002034 0.000007 0.001733 0.000000
0.966696 0.024646 0.004878 0.002044 0.000007 0.001729 0.000000
0.966887 0.024474 0.004861 0.002037 0.000007 0.001734 0.000000
0.966712 0.024604 0.004877 0.002046 0.000006 0.001754 0.000000
0.966346 0.024906 0.004935 0.002048 0.000007 0.001758 0.000000
0.966157 0.025046 0.004956 0.002076 0.000007 0.001759 0.000000
0.966130 0.025033 0.004968 0.002105 0.000010 0.001754 0.000000
0.965409 0.025557 0.005094 0.002139 0.000008 0.001793 0.000000
0.965375 0.025537 0.005110 0.002155 0.000007 0.001816 0.000000
0.965014 0.025832 0.005147 0.002163 0.000008 0.001837 0.000000
0.965462 0.025550 0.005054 0.002119 0.000007 0.001809 0.000000
0.965066 0.025751 0.005188 0.002153 0.000008 0.001834 0.000000
0.964826 0.025981 0.005186 0.002174 0.000008 0.001825 0.000000
0.964327 0.026339 0.005270 0.002209 0.000009 0.001846 0.000000
0.964620 0.026097 0.005235 0.002203 0.000009 0.001835 0.000000
0.964480 0.026201 0.005254 0.002200 0.000008 0.001857 0.000000
0.964054 0.026483 0.005343 0.002244 0.000008 0.001870 0.000000
0.963390 0.026932 0.005464 0.002299 0.000008 0.001907 0.000000
0.963639 0.026833 0.005371 0.002264 0.000007 0.001886 0.000000
0.963874 0.026662 0.005324 0.002264 0.000007 0.001870 0.000000
0.963701 0.026762 0.005371 0.002269 0.000007 0.001891 0.000000
0.962727 0.027454 0.005531 0.002339 0.000010 0.001938 0.000000
0.962787 0.027437 0.005504 0.002329 0.000008 0.001936 0.000000
0.962073 0.027952 0.005617 0.002377 0.000009 0.001972 0.000000
0.961993 0.028102 0.005556 0.002387 0.000008 0.001954 0.000000
0.962566 0.027694 0.005489 0.002322 0.000007 0.001922 0.000000
0.961246 0.028566 0.005765 0.002425 0.000011 0.001987 0.000000
0.961730 0.028203 0.005666 0.002405 0.000009 0.001988 0.000000
0.960632 0.029020 0.005856 0.002478 0.000009 0.002005 0.000000
0.961376 0.028516 0.005693 0.002415 0.000010 0.001990 0.000000
0.960456 0.029209 0.005839 0.002470 0.000007 0.002019 0.000000
0.960689 0.029029 0.005804 0.002459 0.000009 0.002009 0.000000
0.959777 0.029637 0.005994 0.002531 0.000009 0.002051 0.000000
0.960258 0.029306 0.005911 0.002467 0.000009 0.002049 0.000000
0.958937 0.030293 0.006090 0.002568 0.000009 0.002104 0.000000
0.959246 0.030006 0.006059 0.002564 0.000011 0.002114 0.000000
0.959526 0.029911 0.005988 0.002498 0.000009 0.002069 0.000000
0.957965 0.031042 0.006221 0.002638 0.000008 0.002126 0.000000
0.959041 0.030222 0.006074 0.002557 0.000008 0.002097 0.000000
0.958905 0.030304 0.006110 0.002562 0.000008 0.002112 0.000000
0.958139 0.030846 0.006259 0.002608 0.000010 0.002137 0.000000
0.956909 0.031788 0.006389 0.002686 0.000009 0.002219 0.000000
0.956803 0.031839 0.006420 0.002703 0.000010 0.002225 0.000000
0.956382 0.032145 0.006491 0.002731 0.000009 0.002241 0.000000
0.956706 0.031845 0.006472 0.002723 0.000010 0.002244 0.000000
0.955686 0.032680 0.006587 0.002747 0.000011 0.002288 0.000000
0.956673 0.031913 0.006446 0.002707 0.000009 0.002252 0.000000
0.955298 0.032925 0.006676 0.002776 0.000011 0.002314 0.000000
0.954816 0.033320 0.006725 0.002811 0.000012 0.002316 0.000000
0.954744 0.033351 0.006723 0.002820 0.000009 0.002353 0.000000
0.953827 0.034016 0.006874 0.002870 0.000009 0.002404 0.000000
0.954126 0.033792 0.006839 0.002850 0.000010 0.002384 0.000000
0.953263 0.034488 0.006979 0.002881 0.000011 0.002378 0.000000
0.953333 0.034333 0.007020 0.002868 0.000010 0.002436 0.000000
0.952978 0.034668 0.007019 0.002890 0.000012 0.002432 0.000000
0.953298 0.034411 0.006978 0.002890 0.000010 0.002413 0.000000
0.952416 0.035056 0.007103 0.002930 0.000014 0.002481 0.000000
0.953172 0.034473 0.007008 0.002920 0.000012 0.002416 0.000000
0.952823 0.034769 0.007015 0.002916 0.000014 0.002463 0.000000
0.951844 0.035519 0.007149 0.002991 0.000014 0.002483 0.000000
0.951116 0.036047 0.007299 0.003014 0.000013 0.002511 0.000000
0.950188 0.036666 0.007446 0.003087 0.000013 0.002600 0.000000
0.949313 0.037332 0.007611 0.003131 0.000013 0.002601 0.000000
0.950337 0.036563 0.007443 0.003096 0.000011 0.002551 0.000000
0.949060 0.037443 0.007666 0.003174 0.000013 0.002644 0.000000
0.948023 0.038175 0.007848 0.003233 0.000013 0.002708 0.000000
0.947088 0.038846 0.008001 0.003284 0.000015 0.002766 0.000000
0.948411 0.037976 0.007755 0.003194 0.000013 0.002651 0.000000
0.947600 0.038528 0.007883 0.003249 0.000012 0.002729 0.000000
0.948116 0.038145 0.007813 0.003224 0.000011 0.002691 0.000000
0.946282 0.039571 0.008049 0.003307 0.000015 0.002775 0.000000
0.946656 0.039309 0.007992 0.003283 0.000012 0.002748 0.000000
0.944761 0.040566 0.008386 0.003398 0.000016 0.002873 0.000000
0.944772 0.040637 0.008322 0.003393 0.000015 0.002862 0.000000
0.944063 0.041011 0.008508 0.003488 0.000015 0.002915 0.000000
0.945204 0.040349 0.008230 0.003377 0.000013 0.002828 0.000000
0.944072 0.041035 0.008484 0.003461 0.000013 0.002934 0.000000
0.944542 0.040711 0.008417 0.003430 0.000013 0.002887 0.000000
0.942621 0.042135 0.008711 0.003565 0.000015 0.002953 0.000000
0.942891 0.041923 0.008686 0.003523 0.000013 0.002963 0.000000
0.941104 0.043163 0.009009 0.003654 0.000013 0.003056 0.000000
0.942076 0.042521 0.008802 0.003599 0.000014 0.002988 0.000000
0.942898 0.041853 0.008678 0.003572 0.000013 0.002986 0.000000
0.939322 0.044456 0.009263 0.003806 0.000012 0.003141 0.000000
0.939553 0.044253 0.009246 0.003784 0.000016 0.003148 0.000000
0.939908 0.043978 0.009210 0.003755 0.000016 0.003133 0.000000
0.938840 0.044821 0.009296 0.003807 0.000015 0.003222 0.000000
0.937958 0.045354 0.009531 0.003885 0.000013 0.003260 0.000000
0.937562 0.045691 0.009569 0.003902 0.000016 0.003259 0.000000
0.936865 0.046100 0.009741 0.003989 0.000014 0.003291 0.000000
0.936939 0.046108 0.009703 0.003937 0.000014 0.003299 0.000000
0.936645 0.046302 0.009760 0.003965 0.000016 0.003312 0.000000
0.935096 0.047419 0.010007 0.004068 0.000017 0.003393 0.000000
0.935504 0.047071 0.009977 0.004058 0.000018 0.003372 0.000000
0.935090 0.047368 0.010041 0.004069 0.000014 0.003417 0.000000
0.933377 0.048648 0.010270 0.004188 0.000021 0.003496 0.000000
0.933845 0.048188 0.010247 0.004218 0.000020 0.003482 0.000000
0.932300 0.049376 0.010487 0.004268 0.000020 0.003549 0.000000
0.932048 0.049532 0.010554 0.004266 0.000018 0.003582 0.000000
0.931027 0.050278 0.010716 0.004362 0.000016 0.003600 0.000000
0.932785 0.048933 0.010471 0.004254 0.000017 0.003541 0.000000
0.931737 0.049757 0.010605 0.004308 0.000017 0.003577 0.000000
0.929315 0.051417 0.011059 0.004456 0.000020 0.003732 0.000000
0.930014 0.050959 0.010862 0.004421 0.000018 0.003726 0.000000
0.928775 0.051852 0.011052 0.004519 0.000019 0.003782 0.000000
0.928632 0.051929 0.011097 0.004534 0.000018 0.003789 0.000000
0.927199 0.052999 0.011299 0.004576 0.000021 0.003905 0.000000
0.926981 0.053081 0.011388 0.004657 0.000021 0.003872 0.000000
0.926716 0.053301 0.011421 0.004609 0.000020 0.003934 0.000000
0.924624 0.054864 0.011711 0.004752 0.000020 0.004030 0.000000
0.924447 0.054911 0.011749 0.004773 0.000024 0.004095 0.000000
0.925463 0.054213 0.011586 0.004720 0.000018 0.004000 0.000000
0.923275 0.055716 0.011958 0.004842 0.000023 0.004186 0.000000
0.922554 0.056293 0.012019 0.004928 0.000018 0.004188 0.000000
0.922966 0.055896 0.012001 0.004918 0.000021 0.004198 0.000000
0.922478 0.056337 0.012013 0.004946 0.000020 0.004207 0.000000
0.922211 0.056502 0.012036 0.004989 0.000021 0.004242 0.000000
0.920312 0.057897 0.012337 0.005090 0.000022 0.004343 0.000000
0.919680 0.058344 0.012471 0.005111 0.000023 0.004372 0.000000
0.918610 0.059053 0.012660 0.005220 0.000021 0.004436 0.000000
0.918847 0.058840 0.012649 0.005139 0.000022 0.004502 0.000000
0.918778 0.058922 0.012644 0.005166 0.000023 0.004467 0.000000
0.918703 0.059004 0.012718 0.005160 0.000018 0.004397 0.000000
0.916494 0.060529 0.013069 0.005327 0.000023 0.004557 0.000000
0.916829 0.060194 0.013053 0.005338 0.000023 0.004563 0.000000
0.916197 0.060644 0.013110 0.005392 0.000025 0.004632 0.000000
0.916212 0.060671 0.013139 0.005384 0.000019 0.004576 0.000000
0.914599 0.061775 0.013403 0.005512 0.000023 0.004688 0.000000
0.914893 0.061660 0.013352 0.005448 0.000023 0.004624 0.000000
0.913334 0.062600 0.013700 0.005573 0.000024 0.004770 0.000000
0.913831 0.062299 0.013562 0.005550 0.000021 0.004736 0.000000
0.913269 0.062743 0.013632 0.005570 0.000018 0.004767 0.000000
0.911418 0.063951 0.013940 0.005750 0.000023 0.004919 0.000000
0.909511 0.065253 0.014297 0.005880 0.000024 0.005035 0.000000
0.908768 0.065768 0.014420 0.005936 0.000024 0.005084 0.000000
0.909329 0.065406 0.014257 0.005922 0.000022 0.005064 0.000000
0.909324 0.065448 0.014245 0.005873 0.000024 0.005086 0.000000
0.907363 0.066783 0.014595 0.006065 0.000022 0.005171 0.000000
0.907676 0.066639 0.014497 0.006039 0.000024 0.005125 0.000000
0.907562 0.066656 0.014587 0.006043 0.000022 0.005130 0.000000
0.905595 0.068053 0.014811 0.006239 0.000027 0.005275 0.000000
0.906929 0.067103 0.014635 0.006101 0.000024 0.005207 0.000000
0.904791 0.068561 0.015046 0.006248 0.000022 0.005333 0.000000
0.903962 0.069091 0.015176 0.006306 0.000025 0.005440 0.000000
0.905925 0.067685 0.014861 0.006181 0.000023 0.005326 0.000000
0.902437 0.070228 0.015405 0.006391 0.000025 0.005515 0.000000
0.902738 0.069982 0.015403 0.006359 0.000023 0.005496 0.000000
0.903146 0.069599 0.015396 0.006354 0.000021 0.005483 0.000000
0.901283 0.070982 0.015630 0.006491 0.000024 0.005589 0.000000
0.897068 0.073979 0.016312 0.006757 0.000024 0.005861 0.000000
0.899160 0.072391 0.016036 0.006659 0.000025 0.005729 0.000000
0.898538 0.072871 0.016106 0.006685 0.000024 0.005776 0.000000
0.896836 0.074069 0.016420 0.006789 0.000025 0.005860 0.000000
0.896814 0.074130 0.016427 0.006743 0.000023 0.005862 0.000000
0.896518 0.074281 0.016512 0.006784 0.000023 0.005882 0.000000
0.895107 0.075184 0.016730 0.006894 0.000026 0.006059 0.000000
0.894402 0.075701 0.016857 0.006930 0.000023 0.006086 0.000000
0.891369 0.077772 0.017433 0.007155 0.000025 0.006245 0.000000
0.892949 0.076758 0.017106 0.007046 0.000024 0.006117 0.000000
0.892538 0.076981 0.017189 0.007110 0.000027 0.006155 0.000000
0.892098 0.077238 0.017296 0.007160 0.000026 0.006183 0.000000
0.890107 0.078697 0.017643 0.007247 0.000029 0.006276 0.000000
0.892476 0.077022 0.017220 0.007100 0.000025 0.006157 0.000000
0.885631 0.081661 0.018460 0.007601 0.000026 0.006623 0.000000
0.887393 0.080432 0.018139 0.007458 0.000025 0.006554 0.000000
0.888889 0.079544 0.017844 0.007296 0.000025 0.006401 0.000000
0.887776 0.080288 0.018036 0.007398 0.000024 0.006477 0.000000
0.885597 0.081668 0.018402 0.007565 0.000029 0.006739 0.000000
0.883904 0.082879 0.018696 0.007678 0.000028 0.006815 0.000000
0.884048 0.082816 0.018657 0.007639 0.000026 0.006814 0.000000
0.884825 0.082257 0.018540 0.007579 0.000025 0.006774 0.000000
0.884304 0.082515 0.018668 0.007651 0.000028 0.006834 0.000000
0.883718 0.083039 0.018752 0.007621 0.000027 0.006844 0.000000
0.881531 0.084460 0.019166 0.007813 0.000027 0.007003 0.000000
0.881956 0.084170 0.019055 0.007769 0.000028 0.007023 0.000000
0.878109 0.086703 0.019849 0.008073 0.000027 0.007238 0.000000
0.878800 0.086354 0.019600 0.008016 0.000030 0.007200 0.000000
0.877829 0.086956 0.019832 0.008096 0.000027 0.007259 0.000000
0.876219 0.087994 0.020156 0.008272 0.000029 0.007331 0.000000
0.875515 0.088471 0.020298 0.008249 0.000028 0.007439 0.000000
0.878093 0.086709 0.019842 0.008064 0.000024 0.007268 0.000000
0.876420 0.087802 0.020110 0.008238 0.000027 0.007404 0.000000
0.874830 0.088860 0.020408 0.008359 0.000028 0.007515 0.000000
0.872837 0.090214 0.020791 0.008479 0.000027 0.007652 0.000000
0.872067 0.090748 0.020914 0.008552 0.000028 0.007691 0.000000
0.870921 0.091493 0.021105 0.008613 0.000029 0.007838 0.000000
0.871562 0.091121 0.020988 0.008567 0.000026 0.007737 0.000000
0.866698 0.094393 0.021880 0.008926 0.000026 0.008077 0.000000
0.869618 0.092394 0.021359 0.008721 0.000029 0.007878 0.000000
0.866892 0.094200 0.021885 0.008950 0.000028 0.008044 0.000000
0.866952 0.094175 0.021837 0.008922 0.000026 0.008088 0.000000
0.865991 0.094806 0.022044 0.008978 0.000028 0.008153 0.000000
0.866121 0.094693 0.022023 0.008970 0.000028 0.008164 0.000000
0.864498 0.095759 0.022329 0.009118 0.000028 0.008270 0.000000
0.865350 0.095121 0.022250 0.009040 0.000026 0.008214 0.000000
0.862941 0.096703 0.022638 0.009258 0.000027 0.008433 0.000000
0.861791 0.097471 0.022883 0.009341 0.000027 0.008486 0.000000
0.861839 0.097382 0.022885 0.009357 0.000027 0.008511 0.000000
0.860177 0.098533 0.023130 0.009483 0.000029 0.008649 0.000000
0.859261 0.099306 0.023253 0.009474 0.000027 0.008680 0.000000
0.858247 0.099847 0.023508 0.009588 0.000027 0.008784 0.000000
0.858190 0.099870 0.023518 0.009556 0.000026 0.008839 0.000000
0.855985 0.101339 0.023930 0.009731 0.000028 0.008987 0.000000
0.854139 0.102598 0.024252 0.009876 0.000029 0.009107 0.000000
0.853852 0.102769 0.024262 0.009919 0.000028 0.009170 0.000000
0.853747 0.102758 0.024349 0.009964 0.000028 0.009154 0.000000
0.850210 0.105125 0.024996 0.010210 0.000028 0.009431 0.000000
0.851757 0.104135 0.024688 0.010099 0.000030 0.009290 0.000000
0.850257 0.105039 0.025024 0.010233 0.000032 0.009417 0.000000
0.850465 0.104931 0.024981 0.010200 0.000028 0.009396 0.000000
0.847306 0.106979 0.025544 0.010440 0.000032 0.009699 0.000000
0.846500 0.107403 0.025786 0.010519 0.000033 0.009758 0.000000
0.846259 0.107587 0.025833 0.010547 0.000031 0.009742 0.000000
0.846477 0.107503 0.025743 0.010528 0.000033 0.009716 0.000000
0.846451 0.107488 0.025746 0.010541 0.000031 0.009743 0.000000
0.842757 0.109912 0.026497 0.010730 0.000030 0.010074 0.000000
0.843361 0.109517 0.026354 0.010750 0.000030 0.009988 0.000000
0.838838 0.112454 0.027231 0.011104 0.000031 0.010340 0.000000
0.839188 0.112272 0.027164 0.011034 0.000031 0.010311 0.000000
0.835621 0.114565 0.027847 0.011367 0.000031 0.010569 0.000000
0.836422 0.113980 0.027695 0.011324 0.000032 0.010546 0.000000
0.837648 0.113223 0.027454 0.011218 0.000032 0.010425 0.000000
0.834293 0.115448 0.028076 0.011453 0.000032 0.010698 0.000000
0.836002 0.114254 0.027757 0.011352 0.000030 0.010604 0.000000
0.835712 0.114488 0.027783 0.011408 0.000031 0.010578 0.000000
0.835429 0.114559 0.027877 0.011436 0.000028 0.010671 0.000000
0.830227 0.118040 0.028843 0.011835 0.000032 0.011022 0.000000
0.832107 0.116792 0.028501 0.011684 0.000031 0.010885 0.000000
0.829851 0.118291 0.028831 0.011857 0.000031 0.011139 0.000000
0.831221 0.117327 0.028662 0.011771 0.000030 0.010990 0.000000
0.825770 0.120895 0.029633 0.012199 0.000032 0.011470 0.000000
0.830054 0.118135 0.028825 0.011857 0.000032 0.011097 0.000000
0.823455 0.122496 0.030097 0.012306 0.000033 0.011612 0.000000
0.824014 0.122023 0.030042 0.012318 0.000031 0.011572 0.000000
0.825875 0.120837 0.029675 0.012178 0.000029 0.011405 0.000000
0.822298 0.123180 0.030327 0.012435 0.000032 0.011729 0.000000
0.820482 0.124356 0.030624 0.012623 0.000033 0.011881 0.000000
0.821008 0.123987 0.030523 0.012577 0.000031 0.011875 0.000000
0.820358 0.124384 0.030666 0.012641 0.000033 0.011919 0.000000
0.820407 0.124203 0.030707 0.012676 0.000033 0.011974 0.000000
0.817552 0.125995 0.031284 0.012893 0.000034 0.012242 0.000000
0.815525 0.127346 0.031598 0.013016 0.000034 0.012481 0.000000
0.816530 0.126710 0.031442 0.012935 0.000034 0.012349 0.000000
0.815393 0.127357 0.031687 0.013067 0.000034 0.012462 0.000000
0.814445 0.127905 0.031944 0.013157 0.000034 0.012515 0.000000
0.814970 0.127619 0.031798 0.013157 0.000033 0.012424 0.000000
0.813388 0.128642 0.032134 0.013225 0.000036 0.012574 0.000000
0.811788 0.129584 0.032442 0.013406 0.000036 0.012745 0.000000
0.809390 0.131101 0.032970 0.013543 0.000036 0.012960 0.000000
0.808833 0.131540 0.033001 0.013577 0.000034 0.013016 0.000000
0.808933 0.131376 0.033060 0.013586 0.000035 0.013009 0.000000
0.806677 0.132808 0.033435 0.013841 0.000035 0.013203 0.000000
0.802587 0.135436 0.034259 0.014122 0.000036 0.013560 0.000001
0.800679 0.136620 0.034636 0.014323 0.000038 0.013703 0.000000
0.804014 0.134522 0.034019 0.013982 0.000037 0.013425 0.000001
0.801880 0.135841 0.034396 0.014180 0.000036 0.013666 0.000001
0.799622 0.137174 0.034947 0.014355 0.000039 0.013861 0.000001
0.799683 0.137212 0.034871 0.014353 0.000041 0.013838 0.000001
0.797538 0.138300 0.035469 0.014587 0.000044 0.014061 0.000001
0.798967 0.137743 0.035018 0.014376 0.000041 0.013854 0.000001
0.796249 0.139312 0.035620 0.014643 0.000044 0.014132 0.000001
0.797021 0.138867 0.035423 0.014607 0.000045 0.014036 0.000001
0.793228 0.141077 0.036271 0.014957 0.000046 0.014421 0.000001
0.791768 0.142003 0.036549 0.015058 0.000047 0.014573 0.000001
0.793725 0.140757 0.036148 0.014929 0.000048 0.014393 0.000001
0.790592 0.142647 0.036813 0.015180 0.000049 0.014718 0.000001
0.790991 0.142298 0.036710 0.015165 0.000049 0.014787 0.000001
