0.999769 0.000183 0.000036 0.000011 0.000000 0.000000 0.000000
0.999702 0.000221 0.000032 0.000004 0.000000 0.000042 0.000000
0.999589 0.000320 0.000050 0.000011 0.000000 0.000030 0.000000
0.999499 0.000392 0.000060 0.000014 0.000000 0.000036 0.000000
0.999414 0.000455 0.000072 0.000018 0.000000 0.000041 0.000000
0.999326 0.000523 0.000083 0.000024 0.000000 0.000044 0.000000
0.999241 0.000583 0.000097 0.000031 0.000000 0.000048 0.000000
0.999155 0.000647 0.000112 0.000035 0.000000 0.000051 0.000000
0.999070 0.000710 0.000123 0.000041 0.000000 0.000056 0.000000
0.998980 0.000782 0.000135 0.000043 0.000000 0.000060 0.000000
0.998893 0.000850 0.000147 0.000045 0.000000 0.000065 0.000000
0.998805 0.000918 0.000157 0.000050 0.000000 0.000070 0.000000
0.998717 0.000985 0.000169 0.000055 0.000000 0.000075 0.000000
0.998636 0.001043 0.000181 0.000060 0.000000 0.000080 0.000000
0.998549 0.001108 0.000193 0.000064 0.000000 0.000085 0.000000
0.998466 0.001166 0.000211 0.000070 0.000000 0.000088 0.000000
0.998380 0.001231 0.000220 0.000076 0.000000 0.000093 0.000000
0.998295 0.001293 0.000234 0.000081 0.000000 0.000097 0.000000
0.998212 0.001350 0.000249 0.000086 0.000000 0.000102 0.000000
0.998125 0.001414 0.000264 0.000093 0.000000 0.000104 0.000000
0.998042 0.001473 0.000277 0.000099 0.000000 0.000108 0.000000
0.997963 0.001526 0.000294 0.000103 0.000000 0.000114 0.000000
0.997875 0.001593 0.000309 0.000107 0.000000 0.000116 0.000000
0.997791 0.001651 0.000326 0.000113 0.000000 0.000119 0.000000
0.997705 0.001715 0.000337 0.000120 0.000000 0.000123 0.000000
0.997622 0.001774 0.000352 0.000126 0.000000 0.000127 0.000000
0.997538 0.001833 0.000368 0.000132 0.000000 0.000129 0.000000
0.997457 0.001889 0.000384 0.000137 0.000000 0.000134 0.000000
0.997370 0.001955 0.000396 0.000141 0.000000 0.000138 0.000000
0.997281 0.002024 0.000406 0.000146 0.000000 0.000142 0.000000
0.997195 0.002088 0.000418 0.000152 0.000000 0.000146 0.000000
0.997106 0.002159 0.000428 0.000156 0.000000 0.000150 0.000000
0.997022 0.002222 0.000438 0.000161 0.000000 0.000156 0.000000
0.996938 0.002283 0.000452 0.000165 0.000000 0.000162 0.000000
0.996853 0.002346 0.000464 0.000171 0.000000 0.000166 0.000000
0.996765 0.002414 0.000475 0.000176 0.000000 0.000170 0.000000
0.996680 0.002477 0.000485 0.000181 0.000000 0.000176 0.000000
0.996595 0.002540 0.000496 0.000188 0.000000 0.000181 0.000000
0.996510 0.002603 0.000508 0.000192 0.000000 0.000186 0.000000
0.996425 0.002667 0.000517 0.000198 0.000000 0.000192 0.000000
0.996341 0.002726 0.000531 0.000205 0.000000 0.000197 0.000000
0.996258 0.002786 0.000547 0.000209 0.000001 0.000200 0.000000
0.996171 0.002850 0.000560 0.000216 0.000001 0.000203 0.000000
0.996088 0.002910 0.000573 0.000220 0.000001 0.000209 0.000000
0.996004 0.002971 0.000586 0.000226 0.000001 0.000213 0.000000
0.995917 0.003039 0.000598 0.000228 0.000001 0.000219 0.000000
0.995832 0.003102 0.000608 0.000234 0.000001 0.000223 0.000000
0.995744 0.003170 0.000619 0.000240 0.000001 0.000228 0.000000
0.995657 0.003235 0.000632 0.000245 0.000001 0.000231 0.000000
0.995569 0.003304 0.000641 0.000250 0.000001 0.000236 0.000000
0.995478 0.003377 0.000651 0.000254 0.000001 0.000240 0.000000
0.995396 0.003434 0.000666 0.000260 0.000001 0.000244 0.000000
0.995308 0.003501 0.000677 0.000264 0.000001 0.000248 0.000000
0.995222 0.003567 0.000687 0.000269 0.000000 0.000255 0.000000
0.995139 0.003626 0.000700 0.000275 0.000000 0.000260 0.000000
0.995052 0.003693 0.000711 0.000280 0.000000 0.000264 0.000000
0.994966 0.003756 0.000725 0.000285 0.000000 0.000268 0.000000
0.994877 0.003824 0.000735 0.000290 0.000000 0.000273 0.000000
0.994793 0.003886 0.000746 0.000296 0.000000 0.000278 0.000000
0.994710 0.003946 0.000762 0.000300 0.000000 0.000281 0.000000
0.994626 0.004007 0.000776 0.000306 0.000000 0.000284 0.000000
0.994544 0.004065 0.000788 0.000315 0.000000 0.000288 0.000000
0.994455 0.004135 0.000796 0.000319 0.000000 0.000295 0.000000
0.994371 0.004197 0.000810 0.000324 0.000000 0.000299 0.000000
0.994285 0.004262 0.000821 0.000329 0.000000 0.000304 0.000000
0.994198 0.004328 0.000830 0.000337 0.000000 0.000307 0.000000
0.994113 0.004391 0.000843 0.000340 0.000000 0.000313 0.000000
0.994027 0.004457 0.000853 0.000344 0.000000 0.000319 0.000000
0.993940 0.004524 0.000864 0.000348 0.000000 0.000324 0.000000
0.993856 0.004585 0.000875 0.000354 0.000000 0.000330 0.000000
0.993769 0.004652 0.000885 0.000359 0.000000 0.000335 0.000000
0.993685 0.004713 0.000900 0.000363 0.000000 0.000339 0.000000
0.993600 0.004774 0.000913 0.000370 0.000001 0.000342 0.000000
0.993515 0.004837 0.000924 0.000374 0.000001 0.000349 0.000000
0.993432 0.004900 0.000932 0.000382 0.000001 0.000353 0.000000
0.993349 0.004957 0.000946 0.000388 0.000001 0.000358 0.000000
0.993265 0.005018 0.000961 0.000394 0.000001 0.000361 0.000000
0.993180 0.005079 0.000975 0.000399 0.000001 0.000366 0.000000
0.993095 0.005140 0.000990 0.000405 0.000001 0.000369 0.000000
0.993012 0.005200 0.001005 0.000409 0.000001 0.000374 0.000000
0.992921 0.005272 0.001015 0.000415 0.000001 0.000377 0.000000
0.992834 0.005337 0.001025 0.000420 0.000001 0.000382 0.000000
0.992749 0.005401 0.001037 0.000425 0.000001 0.000388 0.000000
0.992665 0.005461 0.001048 0.000432 0.000001 0.000392 0.000000
0.992581 0.005524 0.001060 0.000438 0.000001 0.000396 0.000000
0.992499 0.005580 0.001075 0.000443 0.000001 0.000402 0.000000
0.992420 0.005633 0.001093 0.000447 0.000001 0.000407 0.000000
0.992335 0.005696 0.001105 0.000452 0.000001 0.000412 0.000000
0.992248 0.005760 0.001116 0.000458 0.000001 0.000417 0.000000
0.992159 0.005832 0.001128 0.000461 0.000001 0.000420 0.000000
0.992078 0.005887 0.001143 0.000466 0.000001 0.000425 0.000000
0.991995 0.005944 0.001158 0.000473 0.000001 0.000429 0.000000
0.991909 0.006011 0.001167 0.000477 0.000001 0.000435 0.000000
0.991822 0.006075 0.001183 0.000481 0.000001 0.000438 0.000000
0.991737 0.006136 0.001195 0.000489 0.000001 0.000442 0.000000
0.991652 0.006199 0.001206 0.000496 0.000001 0.000447 0.000000
0.991570 0.006256 0.001222 0.000501 0.000001 0.000451 0.000000
0.991484 0.006322 0.001232 0.000505 0.000001 0.000456 0.000000
0.991395 0.006394 0.001242 0.000509 0.000001 0.000459 0.000000
0.991312 0.006450 0.001259 0.000515 0.000001 0.000463 0.000000
0.991231 0.006506 0.001271 0.000520 0.000001 0.000470 0.000000
0.991144 0.006573 0.001284 0.000524 0.000001 0.000473 0.000000
0.991056 0.006642 0.001293 0.000529 0.000002 0.000478 0.000000
0.990974 0.006699 0.001309 0.000534 0.000002 0.000482 0.000000
0.990885 0.006768 0.001319 0.000539 0.000002 0.000487 0.000000
0.990801 0.006831 0.001330 0.000544 0.000002 0.000492 0.000000
0.990712 0.006904 0.001338 0.000546 0.000002 0.000499 0.000000
0.990624 0.006970 0.001348 0.000554 0.000002 0.000502 0.000000
0.990539 0.007034 0.001358 0.000561 0.000002 0.000507 0.000000
0.990453 0.007098 0.001370 0.000567 0.000002 0.000510 0.000000
0.990367 0.007163 0.001383 0.000570 0.000002 0.000515 0.000000
0.990283 0.007225 0.001396 0.000574 0.000002 0.000520 0.000000
0.990201 0.007280 0.001413 0.000581 0.000002 0.000523 0.000000
0.990117 0.007341 0.001426 0.000587 0.000002 0.000527 0.000000
0.990031 0.007405 0.001438 0.000591 0.000002 0.000532 0.000000
0.989945 0.007472 0.001448 0.000596 0.000002 0.000538 0.000000
0.989858 0.007538 0.001462 0.000599 0.000002 0.000542 0.000000
0.989772 0.007601 0.001474 0.000605 0.000002 0.000546 0.000000
0.989692 0.007656 0.001491 0.000610 0.000002 0.000549 0.000000
0.989606 0.007721 0.001504 0.000615 0.000002 0.000553 0.000000
0.989518 0.007789 0.001516 0.000618 0.000002 0.000557 0.000000
0.989432 0.007856 0.001523 0.000622 0.000002 0.000565 0.000000
0.989350 0.007917 0.001535 0.000627 0.000002 0.000570 0.000000
0.989262 0.007982 0.001547 0.000633 0.000002 0.000574 0.000000
0.989175 0.008048 0.001559 0.000639 0.000002 0.000577 0.000000
0.989093 0.008107 0.001573 0.000644 0.000002 0.000581 0.000000
0.989009 0.008169 0.001586 0.000648 0.000002 0.000586 0.000000
0.988922 0.008235 0.001599 0.000652 0.000002 0.000590 0.000000
0.988842 0.008290 0.001614 0.000656 0.000002 0.000596 0.000000
0.988755 0.008355 0.001625 0.000663 0.000002 0.000600 0.000000
0.988673 0.008414 0.001635 0.000670 0.000002 0.000605 0.000000
0.988586 0.008480 0.001647 0.000674 0.000002 0.000610 0.000000
0.988503 0.008541 0.001663 0.000678 0.000002 0.000614 0.000000
0.988418 0.008601 0.001679 0.000683 0.000002 0.000617 0.000000
0.988328 0.008670 0.001692 0.000689 0.000002 0.000619 0.000000
0.988245 0.008729 0.001705 0.000694 0.000002 0.000625 0.000000
0.988161 0.008791 0.001718 0.000699 0.000002 0.000629 0.000000
0.988078 0.008849 0.001732 0.000707 0.000002 0.000632 0.000000
0.987992 0.008915 0.001744 0.000710 0.000002 0.000637 0.000000
0.987910 0.008975 0.001756 0.000713 0.000002 0.000644 0.000000
0.987826 0.009037 0.001765 0.000719 0.000002 0.000650 0.000000
0.987741 0.009103 0.001775 0.000724 0.000003 0.000655 0.000000
0.987658 0.009161 0.001789 0.000729 0.000003 0.000660 0.000000
0.987574 0.009221 0.001802 0.000738 0.000003 0.000663 0.000000
0.987487 0.009286 0.001817 0.000742 0.000003 0.000665 0.000000
0.987402 0.009348 0.001830 0.000747 0.000003 0.000670 0.000000
0.987316 0.009413 0.001843 0.000752 0.000003 0.000675 0.000000
0.987231 0.009476 0.001856 0.000756 0.000003 0.000679 0.000000
0.987142 0.009545 0.001868 0.000760 0.000003 0.000682 0.000000
0.987056 0.009609 0.001881 0.000765 0.000003 0.000686 0.000000
0.986967 0.009677 0.001892 0.000771 0.000003 0.000690 0.000000
0.986883 0.009738 0.001906 0.000778 0.000003 0.000693 0.000000
0.986795 0.009806 0.001918 0.000781 0.000003 0.000697 0.000000
0.986710 0.009868 0.001932 0.000786 0.000003 0.000701 0.000000
0.986623 0.009934 0.001944 0.000792 0.000003 0.000705 0.000000
0.986542 0.009990 0.001959 0.000796 0.000003 0.000711 0.000000
0.986459 0.010049 0.001973 0.000801 0.000003 0.000715 0.000000
0.986371 0.010117 0.001984 0.000806 0.000003 0.000719 0.000000
0.986286 0.010179 0.001997 0.000811 0.000003 0.000723 0.000000
0.986203 0.010238 0.002010 0.000819 0.000003 0.000728 0.000000
0.986119 0.010302 0.002018 0.000824 0.000003 0.000734 0.000000
0.986035 0.010365 0.002028 0.000828 0.000003 0.000741 0.000000
0.985955 0.010420 0.002041 0.000834 0.000003 0.000748 0.000000
0.985869 0.010485 0.002052 0.000840 0.000003 0.000751 0.000000
0.985784 0.010548 0.002063 0.000845 0.000003 0.000758 0.000000
0.985700 0.010608 0.002078 0.000851 0.000003 0.000761 0.000000
0.985616 0.010668 0.002094 0.000855 0.000003 0.000765 0.000000
0.985528 0.010735 0.002107 0.000861 0.000003 0.000767 0.000000
0.985445 0.010793 0.002121 0.000867 0.000003 0.000771 0.000000
0.985358 0.010859 0.002135 0.000870 0.000003 0.000775 0.000000
0.985274 0.010919 0.002148 0.000877 0.000003 0.000780 0.000000
0.985190 0.010981 0.002161 0.000881 0.000003 0.000785 0.000000
0.985105 0.011043 0.002174 0.000886 0.000003 0.000790 0.000000
0.985018 0.011110 0.002184 0.000891 0.000003 0.000795 0.000000
0.984931 0.011175 0.002196 0.000895 0.000003 0.000800 0.000000
0.984845 0.011238 0.002210 0.000899 0.000003 0.000804 0.000000
0.984760 0.011301 0.002223 0.000904 0.000003 0.000809 0.000000
0.984673 0.011367 0.002235 0.000909 0.000003 0.000813 0.000000
0.984587 0.011430 0.002250 0.000913 0.000003 0.000817 0.000000
0.984500 0.011496 0.002264 0.000916 0.000003 0.000821 0.000000
0.984414 0.011561 0.002274 0.000922 0.000003 0.000827 0.000000
0.984330 0.011622 0.002288 0.000927 0.000003 0.000831 0.000000
0.984244 0.011688 0.002296 0.000932 0.000003 0.000838 0.000000
0.984159 0.011751 0.002308 0.000937 0.000003 0.000842 0.000000
0.984072 0.011816 0.002319 0.000944 0.000003 0.000847 0.000000
0.983990 0.011874 0.002332 0.000949 0.000003 0.000853 0.000000
0.983906 0.011936 0.002346 0.000953 0.000003 0.000857 0.000000
0.983815 0.012010 0.002356 0.000956 0.000003 0.000860 0.000000
0.983731 0.012071 0.002368 0.000961 0.000003 0.000866 0.000000
0.983646 0.012132 0.002381 0.000968 0.000003 0.000869 0.000000
0.983562 0.012195 0.002393 0.000972 0.000003 0.000876 0.000000
0.983474 0.012264 0.002406 0.000974 0.000003 0.000879 0.000000
0.983388 0.012329 0.002416 0.000978 0.000003 0.000886 0.000000
0.983303 0.012389 0.002432 0.000983 0.000003 0.000889 0.000000
0.983221 0.012449 0.002443 0.000990 0.000003 0.000894 0.000000
0.983136 0.012510 0.002455 0.000997 0.000003 0.000899 0.000000
0.983054 0.012570 0.002469 0.001000 0.000003 0.000904 0.000000
0.982966 0.012638 0.002479 0.001005 0.000003 0.000909 0.000000
0.982879 0.012705 0.002489 0.001011 0.000003 0.000913 0.000000
0.982791 0.012773 0.002499 0.001016 0.000003 0.000919 0.000000
0.982706 0.012833 0.002516 0.001020 0.000003 0.000922 0.000000
0.982620 0.012896 0.002529 0.001026 0.000003 0.000926 0.000000
0.982537 0.012957 0.002541 0.001031 0.000003 0.000931 0.000000
0.982451 0.013020 0.002554 0.001037 0.000003 0.000936 0.000000
0.982365 0.013084 0.002564 0.001043 0.000003 0.000940 0.000000
0.982281 0.013143 0.002579 0.001050 0.000003 0.000944 0.000000
0.982197 0.013205 0.002591 0.001056 0.000003 0.000948 0.000000
0.982111 0.013271 0.002603 0.001059 0.000003 0.000953 0.000000
0.982026 0.013333 0.002614 0.001067 0.000003 0.000956 0.000000
0.981944 0.013391 0.002628 0.001072 0.000003 0.000961 0.000000
0.981853 0.013465 0.002638 0.001077 0.000003 0.000965 0.000000
0.981771 0.013522 0.002650 0.001082 0.000003 0.000972 0.000000
0.981690 0.013575 0.002667 0.001090 0.000003 0.000975 0.000000
0.981608 0.013631 0.002679 0.001098 0.000003 0.000981 0.000000
0.981525 0.013695 0.002686 0.001106 0.000003 0.000986 0.000000
0.981440 0.013756 0.002698 0.001113 0.000003 0.000990 0.000000
0.981354 0.013821 0.002711 0.001116 0.000003 0.000995 0.000000
0.981272 0.013878 0.002726 0.001122 0.000003 0.001000 0.000000
0.981188 0.013941 0.002736 0.001128 0.000003 0.001004 0.000000
0.981099 0.014011 0.002746 0.001132 0.000003 0.001008 0.000000
0.981013 0.014077 0.002759 0.001136 0.000003 0.001012 0.000000
0.980930 0.014135 0.002773 0.001143 0.000003 0.001016 0.000000
0.980846 0.014198 0.002784 0.001147 0.000003 0.001022 0.000000
0.980758 0.014267 0.002794 0.001153 0.000003 0.001025 0.000000
0.980673 0.014331 0.002806 0.001156 0.000003 0.001031 0.000000
0.980591 0.014387 0.002821 0.001162 0.000003 0.001037 0.000000
0.980507 0.014450 0.002829 0.001168 0.000003 0.001042 0.000000
0.980425 0.014508 0.002841 0.001172 0.000003 0.001050 0.000000
0.980339 0.014574 0.002854 0.001174 0.000003 0.001055 0.000000
0.980256 0.014634 0.002869 0.001178 0.000003 0.001061 0.000000
0.980173 0.014693 0.002881 0.001182 0.000003 0.001067 0.000000
0.980088 0.014757 0.002896 0.001187 0.000003 0.001070 0.000000
0.980002 0.014822 0.002906 0.001190 0.000003 0.001077 0.000000
0.979918 0.014881 0.002921 0.001195 0.000003 0.001081 0.000000
0.979830 0.014948 0.002936 0.001198 0.000003 0.001084 0.000000
0.979743 0.015013 0.002951 0.001203 0.000003 0.001087 0.000000
0.979660 0.015071 0.002965 0.001209 0.000003 0.001092 0.000000
0.979571 0.015141 0.002976 0.001212 0.000003 0.001097 0.000000
0.979488 0.015200 0.002990 0.001217 0.000003 0.001101 0.000000
0.979401 0.015267 0.003002 0.001224 0.000003 0.001104 0.000000
0.979316 0.015329 0.003015 0.001231 0.000003 0.001107 0.000000
0.979232 0.015387 0.003030 0.001237 0.000003 0.001111 0.000000
0.979147 0.015450 0.003044 0.001241 0.000003 0.001116 0.000000
0.979062 0.015513 0.003054 0.001246 0.000003 0.001121 0.000000
0.978982 0.015568 0.003066 0.001255 0.000003 0.001125 0.000000
0.978902 0.015622 0.003083 0.001259 0.000003 0.001131 0.000000
0.978813 0.015692 0.003094 0.001264 0.000003 0.001134 0.000000
0.978732 0.015748 0.003108 0.001268 0.000003 0.001141 0.000000
0.978651 0.015802 0.003124 0.001274 0.000003 0.001145 0.000000
0.978569 0.015862 0.003135 0.001280 0.000003 0.001151 0.000000
0.978484 0.015923 0.003147 0.001287 0.000003 0.001155 0.000000
0.978397 0.015988 0.003161 0.001291 0.000003 0.001159 0.000000
0.978310 0.016055 0.003172 0.001296 0.000003 0.001164 0.000000
0.978230 0.016108 0.003188 0.001302 0.000003 0.001169 0.000000
0.978144 0.016172 0.003198 0.001308 0.000003 0.001174 0.000000
0.978055 0.016242 0.003209 0.001314 0.000003 0.001177 0.000000
0.977973 0.016302 0.003217 0.001321 0.000003 0.001184 0.000000
0.977884 0.016369 0.003229 0.001327 0.000003 0.001187 0.000000
0.977798 0.016437 0.003237 0.001331 0.000003 0.001195 0.000000
0.977711 0.016503 0.003249 0.001336 0.000003 0.001198 0.000000
0.977624 0.016569 0.003257 0.001341 0.000003 0.001204 0.000000
0.977539 0.016632 0.003271 0.001345 0.000003 0.001209 0.000000
0.977456 0.016693 0.003284 0.001350 0.000003 0.001214 0.000000
0.977372 0.016753 0.003295 0.001358 0.000003 0.001219 0.000000
0.977285 0.016818 0.003307 0.001364 0.000003 0.001223 0.000000
0.977197 0.016888 0.003317 0.001367 0.000003 0.001227 0.000000
0.977113 0.016948 0.003330 0.001374 0.000003 0.001231 0.000000
0.977029 0.017008 0.003345 0.001378 0.000003 0.001235 0.000000
0.976946 0.017069 0.003358 0.001381 0.000003 0.001242 0.000000
0.976858 0.017137 0.003368 0.001386 0.000003 0.001247 0.000000
0.976778 0.017191 0.003384 0.001391 0.000003 0.001252 0.000000
0.976695 0.017249 0.003399 0.001397 0.000003 0.001257 0.000000
0.976612 0.017310 0.003410 0.001402 0.000003 0.001263 0.000000
0.976528 0.017370 0.003425 0.001405 0.000003 0.001268 0.000000
0.976446 0.017426 0.003444 0.001410 0.000003 0.001272 0.000000
0.976362 0.017486 0.003456 0.001415 0.000003 0.001277 0.000000
0.976278 0.017549 0.003466 0.001421 0.000003 0.001283 0.000000
0.976193 0.017611 0.003479 0.001427 0.000003 0.001286 0.000000
0.976110 0.017668 0.003495 0.001434 0.000003 0.001290 0.000000
0.976017 0.017747 0.003502 0.001436 0.000003 0.001295 0.000000
0.975935 0.017804 0.003516 0.001439 0.000003 0.001302 0.000000
0.975852 0.017862 0.003530 0.001446 0.000003 0.001306 0.000000
0.975766 0.017928 0.003541 0.001451 0.000003 0.001311 0.000000
0.975680 0.017994 0.003553 0.001454 0.000003 0.001316 0.000000
0.975590 0.018066 0.003562 0.001458 0.000003 0.001321 0.000000
0.975506 0.018127 0.003575 0.001463 0.000003 0.001326 0.000000
0.975422 0.018185 0.003591 0.001471 0.000003 0.001328 0.000000
0.975336 0.018248 0.003601 0.001478 0.000003 0.001333 0.000000
0.975253 0.018307 0.003614 0.001485 0.000003 0.001337 0.000000
0.975167 0.018374 0.003624 0.001490 0.000003 0.001343 0.000000
0.975083 0.018431 0.003637 0.001497 0.000003 0.001347 0.000000
0.975000 0.018490 0.003653 0.001503 0.000003 0.001351 0.000000
0.974916 0.018550 0.003668 0.001508 0.000003 0.001355 0.000000
0.974830 0.018613 0.003680 0.001515 0.000003 0.001359 0.000000
0.974744 0.018677 0.003693 0.001520 0.000003 0.001363 0.000000
0.974662 0.018733 0.003706 0.001526 0.000003 0.001369 0.000000
0.974574 0.018801 0.003718 0.001530 0.000003 0.001374 0.000000
0.974489 0.018865 0.003728 0.001535 0.000003 0.001379 0.000000
0.974406 0.018924 0.003738 0.001543 0.000003 0.001385 0.000000
0.974322 0.018988 0.003749 0.001548 0.000003 0.001391 0.000000
0.974235 0.019052 0.003763 0.001551 0.000003 0.001395 0.000000
0.974150 0.019118 0.003773 0.001555 0.000003 0.001401 0.000000
0.974065 0.019178 0.003787 0.001561 0.000003 0.001405 0.000000
0.973982 0.019238 0.003803 0.001566 0.000003 0.001408 0.000000
0.973896 0.019299 0.003817 0.001574 0.000003 0.001411 0.000000
0.973818 0.019352 0.003833 0.001579 0.000003 0.001415 0.000000
0.973731 0.019417 0.003841 0.001586 0.000003 0.001421 0.000000
0.973622 0.019496 0.003855 0.001594 0.000003 0.001428 0.000000
0.973452 0.019624 0.003875 0.001607 0.000003 0.001438 0.000000
0.973482 0.019599 0.003876 0.001601 0.000003 0.001438 0.000000
0.973365 0.019686 0.003892 0.001607 0.000003 0.001445 0.000000
0.973296 0.019734 0.003908 0.001611 0.000003 0.001448 0.000000
0.973211 0.019795 0.003923 0.001616 0.000003 0.001452 0.000000
0.973059 0.019908 0.003941 0.001629 0.000003 0.001460 0.000000
0.972987 0.019961 0.003954 0.001632 0.000003 0.001463 0.000000
0.972935 0.019999 0.003964 0.001632 0.000003 0.001467 0.000000
0.972847 0.020063 0.003981 0.001636 0.000004 0.001470 0.000000
0.972741 0.020141 0.003998 0.001642 0.000004 0.001474 0.000000
0.972558 0.020279 0.004017 0.001660 0.000004 0.001481 0.000000
0.972481 0.020337 0.004028 0.001668 0.000004 0.001483 0.000000
0.972415 0.020389 0.004040 0.001666 0.000004 0.001487 0.000000
0.972418 0.020381 0.004045 0.001663 0.000004 0.001488 0.000000
0.972241 0.020515 0.004064 0.001682 0.000004 0.001494 0.000000
0.972131 0.020597 0.004081 0.001688 0.000004 0.001500 0.000000
0.972125 0.020599 0.004085 0.001687 0.000004 0.001501 0.000000
0.971954 0.020720 0.004108 0.001705 0.000004 0.001509 0.000000
0.971864 0.020792 0.004119 0.001708 0.000004 0.001513 0.000000
0.971766 0.020866 0.004133 0.001714 0.000004 0.001517 0.000000
0.971706 0.020911 0.004143 0.001717 0.000004 0.001520 0.000000
0.971610 0.020981 0.004158 0.001719 0.000004 0.001527 0.000000
0.971501 0.021060 0.004176 0.001725 0.000004 0.001534 0.000000
0.971428 0.021117 0.004184 0.001733 0.000004 0.001535 0.000000
0.971313 0.021204 0.004197 0.001740 0.000004 0.001542 0.000000
0.971117 0.021349 0.004221 0.001754 0.000004 0.001555 0.000000
0.971024 0.021418 0.004237 0.001757 0.000004 0.001561 0.000000
0.971057 0.021386 0.004241 0.001751 0.000004 0.001561 0.000000
0.970877 0.021518 0.004268 0.001765 0.000004 0.001569 0.000000
0.970800 0.021572 0.004277 0.001775 0.000004 0.001572 0.000000
0.970600 0.021717 0.004302 0.001794 0.000004 0.001583 0.000000
0.970381 0.021889 0.004326 0.001810 0.000004 0.001591 0.000000
0.970431 0.021845 0.004331 0.001799 0.000004 0.001590 0.000000
0.970402 0.021860 0.004340 0.001801 0.000004 0.001593 0.000000
0.970321 0.021926 0.004347 0.001807 0.000005 0.001596 0.000000
0.970135 0.022054 0.004369 0.001835 0.000005 0.001602 0.000000
0.970195 0.021995 0.004376 0.001829 0.000005 0.001601 0.000000
0.970029 0.022119 0.004398 0.001839 0.000005 0.001610 0.000000
0.970009 0.022146 0.004399 0.001828 0.000005 0.001613 0.000000
0.969395 0.022606 0.004478 0.001879 0.000004 0.001638 0.000000
0.969644 0.022421 0.004450 0.001848 0.000005 0.001633 0.000000
0.969547 0.022511 0.004462 0.001844 0.000006 0.001631 0.000000
0.969186 0.022754 0.004511 0.001890 0.000005 0.001654 0.000000
0.969190 0.022767 0.004516 0.001872 0.000006 0.001649 0.000000
0.969241 0.022717 0.004525 0.001860 0.000007 0.001649 0.000000
0.969149 0.022791 0.004526 0.001876 0.000006 0.001652 0.000000
0.969019 0.022888 0.004540 0.001885 0.000006 0.001663 0.000000
0.968681 0.023167 0.004574 0.001903 0.000006 0.001669 0.000000
0.968381 0.023379 0.004625 0.001923 0.000007 0.001685 0.000000
0.968606 0.023185 0.004611 0.001907 0.000007 0.001685 0.000000
0.967997 0.023659 0.004680 0.001948 0.000007 0.001708 0.000000
0.968227 0.023474 0.004658 0.001935 0.000007 0.001699 0.000000
0.968101 0.023605 0.004655 0.001934 0.000006 0.001699 0.000000
0.968057 0.023618 0.004679 0.001927 0.000007 0.001712 0.000000
0.967552 0.023972 0.004758 0.001975 0.000007 0.001735 0.000000
0.967634 0.023894 0.004751 0.001973 0.000007 0.001741 0.000000
0.967418 0.024034 0.004798 0.001987 0.000007 0.001755 0.000000
0.967534 0.024008 0.004751 0.001964 0.000006 0.001737 0.000000
0.967375 0.024085 0.004808 0.001974 0.000008 0.001749 0.000000
0.966733 0.024579 0.004877 0.002040 0.000007 0.001763 0.000000
0.966620 0.024676 0.004895 0.002044 0.000007 0.001759 0.000000
0.966781 0.024527 0.004881 0.002040 0.000007 0.001764 0.000000
0.966608 0.024664 0.004896 0.002046 0.000007 0.001780 0.000000
0.966273 0.024931 0.004953 0.002050 0.000008 0.001786 0.000000
0.966019 0.025131 0.004976 0.002082 0.000007 0.001784 0.000000
0.966023 0.025094 0.004983 0.002110 0.000010 0.001780 0.000000
0.965377 0.025561 0.005102 0.002136 0.000008 0.001816 0.000000
0.965307 0.025571 0.005121 0.002154 0.000007 0.001839 0.000000
0.964926 0.025887 0.005160 0.002162 0.000009 0.001858 0.000000
0.965457 0.025538 0.005059 0.002109 0.000007 0.001830 0.000000
0.964997 0.025788 0.005195 0.002153 0.000008 0.001859 0.000000
0.964763 0.026011 0.005191 0.002176 0.000008 0.001850 0.000000
0.964369 0.026283 0.005273 0.002199 0.000009 0.001867 0.000000
0.964577 0.026109 0.005242 0.002203 0.000009 0.001861 0.000000
0.964361 0.026275 0.005267 0.002206 0.000008 0.001883 0.000000
0.964161 0.026376 0.005333 0.002230 0.000008 0.001893 0.000000
0.963373 0.026923 0.005472 0.002291 0.000008 0.001933 0.000000
0.963694 0.026770 0.005363 0.002254 0.000008 0.001911 0.000000
0.964093 0.026480 0.005289 0.002241 0.000008 0.001890 0.000000
0.963784 0.026680 0.005363 0.002250 0.000007 0.001916 0.000000
0.962733 0.027441 0.005523 0.002332 0.000010 0.001962 0.000000
0.962681 0.027499 0.005517 0.002331 0.000008 0.001963 0.000000
0.962146 0.027878 0.005608 0.002359 0.000010 0.001999 0.000000
0.962109 0.027992 0.005548 0.002363 0.000008 0.001979 0.000000
0.962496 0.027727 0.005485 0.002326 0.000007 0.001960 0.000000
0.961275 0.028507 0.005758 0.002423 0.000011 0.002026 0.000000
0.961776 0.028152 0.005658 0.002391 0.000009 0.002014 0.000000
0.960697 0.028929 0.005846 0.002470 0.000009 0.002049 0.000000
0.961252 0.028607 0.005702 0.002413 0.000010 0.002017 0.000000
0.960532 0.029149 0.005817 0.002447 0.000007 0.002049 0.000000
0.960738 0.029000 0.005759 0.002444 0.000009 0.002049 0.000000
0.959878 0.029579 0.005929 0.002510 0.000009 0.002095 0.000000
0.960221 0.029359 0.005875 0.002455 0.000009 0.002081 0.000000
0.959100 0.030185 0.006035 0.002542 0.000009 0.002129 0.000000
0.959332 0.029934 0.006017 0.002552 0.000012 0.002153 0.000000
0.959568 0.029877 0.005948 0.002495 0.000009 0.002102 0.000000
0.958010 0.031002 0.006182 0.002635 0.000008 0.002162 0.000000
0.959038 0.030209 0.006045 0.002557 0.000008 0.002142 0.000000
0.958689 0.030484 0.006102 0.002572 0.000008 0.002145 0.000000
0.958598 0.030535 0.006126 0.002570 0.000011 0.002161 0.000000
0.957008 0.031710 0.006346 0.002679 0.000009 0.002248 0.000000
0.956720 0.031911 0.006383 0.002714 0.000010 0.002261 0.000000
0.956506 0.032046 0.006429 0.002728 0.000010 0.002282 0.000000
0.956575 0.031937 0.006458 0.002740 0.000010 0.002279 0.000000
0.955681 0.032709 0.006537 0.002746 0.000011 0.002315 0.000000
0.956563 0.032008 0.006419 0.002717 0.000009 0.002283 0.000000
0.955505 0.032768 0.006624 0.002762 0.000011 0.002329 0.000000
0.955004 0.033171 0.006669 0.002800 0.000012 0.002345 0.000000
0.954787 0.033317 0.006684 0.002814 0.000009 0.002388 0.000000
0.953873 0.033960 0.006847 0.002870 0.000009 0.002440 0.000000
0.954061 0.033840 0.006813 0.002859 0.000010 0.002418 0.000000
0.953479 0.034332 0.006919 0.002859 0.000011 0.002400 0.000000
0.953488 0.034220 0.006952 0.002868 0.000011 0.002461 0.000000
0.953147 0.034551 0.006952 0.002884 0.000012 0.002454 0.000000
0.953389 0.034361 0.006935 0.002884 0.000010 0.002420 0.000000
0.952312 0.035133 0.007071 0.002951 0.000014 0.002519 0.000000
0.953543 0.034193 0.006933 0.002880 0.000012 0.002440 0.000000
0.952977 0.034670 0.006963 0.002900 0.000014 0.002477 0.000000
0.951900 0.035509 0.007095 0.002980 0.000012 0.002503 0.000000
0.951239 0.035946 0.007256 0.003005 0.000012 0.002543 0.000000
0.950447 0.036467 0.007384 0.003071 0.000012 0.002620 0.000000
0.949833 0.036936 0.007505 0.003101 0.000012 0.002613 0.000000
0.950808 0.036203 0.007345 0.003060 0.000011 0.002574 0.000000
0.949136 0.037387 0.007630 0.003171 0.000013 0.002663 0.000000
0.948251 0.038018 0.007789 0.003211 0.000013 0.002719 0.000000
0.947497 0.038522 0.007922 0.003264 0.000014 0.002782 0.000000
0.948398 0.037990 0.007722 0.003203 0.000012 0.002675 0.000000
0.948033 0.038174 0.007800 0.003235 0.000012 0.002746 0.000000
0.948424 0.037910 0.007747 0.003213 0.000012 0.002695 0.000000
0.946524 0.039352 0.007995 0.003314 0.000017 0.002798 0.000000
0.947345 0.038769 0.007872 0.003250 0.000013 0.002751 0.000000
0.945220 0.040184 0.008302 0.003395 0.000017 0.002883 0.000000
0.945009 0.040391 0.008287 0.003417 0.000014 0.002882 0.000000
0.944307 0.040801 0.008450 0.003493 0.000016 0.002934 0.000000
0.945568 0.040026 0.008153 0.003379 0.000013 0.002860 0.000000
0.944137 0.040966 0.008449 0.003484 0.000014 0.002950 0.000000
0.945376 0.040053 0.008259 0.003407 0.000014 0.002892 0.000000
0.942999 0.041865 0.008608 0.003556 0.000016 0.002956 0.000000
0.942984 0.041874 0.008620 0.003536 0.000013 0.002972 0.000000
0.941260 0.043044 0.008961 0.003655 0.000013 0.003067 0.000000
0.942392 0.042228 0.008747 0.003609 0.000014 0.003010 0.000000
0.942892 0.041806 0.008674 0.003607 0.000013 0.003008 0.000000
0.940012 0.043892 0.009146 0.003781 0.000012 0.003157 0.000000
0.939789 0.044003 0.009204 0.003807 0.000016 0.003182 0.000000
0.940395 0.043573 0.009101 0.003763 0.000015 0.003152 0.000000
0.939137 0.044558 0.009220 0.003823 0.000015 0.003246 0.000000
0.938180 0.045184 0.009464 0.003895 0.000013 0.003264 0.000000
0.938061 0.045301 0.009466 0.003894 0.000016 0.003262 0.000000
0.937259 0.045794 0.009648 0.003980 0.000015 0.003304 0.000000
0.937389 0.045762 0.009603 0.003930 0.000014 0.003302 0.000000
0.937195 0.045879 0.009648 0.003955 0.000016 0.003306 0.000000
0.935495 0.047108 0.009924 0.004064 0.000017 0.003392 0.000000
0.935796 0.046861 0.009899 0.004050 0.000019 0.003376 0.000000
0.935539 0.047003 0.009940 0.004065 0.000014 0.003438 0.000000
0.933957 0.048194 0.010154 0.004172 0.000022 0.003501 0.000000
0.934334 0.047800 0.010148 0.004206 0.000020 0.003493 0.000000
0.933105 0.048785 0.010322 0.004236 0.000020 0.003533 0.000000
0.932280 0.049380 0.010463 0.004279 0.000017 0.003580 0.000000
0.931635 0.049896 0.010539 0.004318 0.000016 0.003596 0.000000
0.932852 0.048878 0.010422 0.004279 0.000017 0.003552 0.000000
0.932239 0.049395 0.010476 0.004290 0.000016 0.003584 0.000000
0.929708 0.051137 0.010939 0.004460 0.000020 0.003737 0.000000
0.930509 0.050619 0.010728 0.004411 0.000019 0.003714 0.000000
0.929748 0.051112 0.010873 0.004479 0.000020 0.003768 0.000000
0.928966 0.051702 0.010995 0.004523 0.000018 0.003795 0.000000
0.927536 0.052780 0.011195 0.004565 0.000021 0.003903 0.000000
0.927669 0.052602 0.011225 0.004613 0.000021 0.003870 0.000000
0.927165 0.053000 0.011289 0.004596 0.000020 0.003931 0.000000
0.925270 0.054431 0.011539 0.004724 0.000021 0.004016 0.000000
0.925057 0.054490 0.011601 0.004734 0.000024 0.004094 0.000000
0.925864 0.053970 0.011454 0.004687 0.000019 0.004006 0.000000
0.923489 0.055610 0.011858 0.004818 0.000021 0.004203 0.000000
0.923226 0.055851 0.011829 0.004898 0.000019 0.004177 0.000000
0.923795 0.055349 0.011797 0.004853 0.000022 0.004184 0.000000
0.922938 0.056015 0.011892 0.004927 0.000020 0.004208 0.000000
0.922573 0.056287 0.011910 0.004970 0.000022 0.004238 0.000000
0.921009 0.057432 0.012158 0.005041 0.000022 0.004338 0.000000
0.920444 0.057812 0.012300 0.005057 0.000022 0.004365 0.000000
0.919021 0.058750 0.012557 0.005212 0.000022 0.004438 0.000000
0.919473 0.058389 0.012510 0.005102 0.000022 0.004504 0.000000
0.918982 0.058798 0.012569 0.005144 0.000023 0.004484 0.000000
0.919514 0.058429 0.012534 0.005120 0.000019 0.004384 0.000000
0.916968 0.060175 0.012961 0.005304 0.000023 0.004568 0.000000
0.917661 0.059601 0.012869 0.005300 0.000023 0.004546 0.000000
0.916701 0.060303 0.012968 0.005376 0.000026 0.004626 0.000000
0.916538 0.060427 0.013046 0.005390 0.000019 0.004579 0.000000
0.914958 0.061509 0.013310 0.005511 0.000023 0.004689 0.000000
0.915916 0.060963 0.013116 0.005387 0.000022 0.004595 0.000000
0.914057 0.062111 0.013522 0.005527 0.000022 0.004761 0.000000
0.915046 0.061414 0.013328 0.005491 0.000021 0.004700 0.000000
0.914538 0.061831 0.013373 0.005509 0.000018 0.004731 0.000000
0.911497 0.063898 0.013888 0.005769 0.000022 0.004926 0.000000
0.910146 0.064828 0.014117 0.005868 0.000025 0.005017 0.000000
0.909066 0.065600 0.014303 0.005929 0.000023 0.005079 0.000000
0.910116 0.064861 0.014075 0.005875 0.000023 0.005049 0.000000
0.909546 0.065291 0.014175 0.005862 0.000025 0.005101 0.000000
0.908049 0.066310 0.014419 0.006035 0.000023 0.005165 0.000000
0.908501 0.066085 0.014284 0.006004 0.000024 0.005102 0.000000
0.908392 0.066074 0.014381 0.006014 0.000022 0.005117 0.000000
0.905482 0.068154 0.014774 0.006254 0.000027 0.005308 0.000000
0.907373 0.066794 0.014505 0.006084 0.000023 0.005221 0.000000
0.905934 0.067779 0.014770 0.006193 0.000023 0.005300 0.000000
0.904624 0.068632 0.015023 0.006275 0.000024 0.005422 0.000000
0.906401 0.067348 0.014723 0.006174 0.000024 0.005329 0.000000
0.903277 0.069637 0.015214 0.006342 0.000025 0.005505 0.000000
0.903305 0.069586 0.015242 0.006345 0.000023 0.005499 0.000000
0.902710 0.069895 0.015420 0.006410 0.000021 0.005544 0.000000
0.901743 0.070648 0.015502 0.006480 0.000024 0.005602 0.000000
0.898270 0.073082 0.016067 0.006721 0.000024 0.005836 0.000000
0.899067 0.072457 0.016006 0.006685 0.000025 0.005760 0.000000
0.899118 0.072453 0.015961 0.006675 0.000024 0.005768 0.000000
0.896895 0.073987 0.016376 0.006830 0.000024 0.005887 0.000000
0.896997 0.073970 0.016370 0.006765 0.000023 0.005874 0.000000
0.897560 0.073501 0.016308 0.006754 0.000023 0.005853 0.000000
0.894686 0.075444 0.016783 0.006970 0.000026 0.006093 0.000000
0.894964 0.075268 0.016720 0.006942 0.000024 0.006082 0.000000
0.891737 0.077463 0.017346 0.007194 0.000026 0.006235 0.000000
0.893287 0.076480 0.017024 0.007069 0.000023 0.006117 0.000000
0.892527 0.076923 0.017150 0.007182 0.000025 0.006194 0.000000
0.892785 0.076731 0.017119 0.007161 0.000025 0.006179 0.000000
0.890279 0.078545 0.017573 0.007298 0.000028 0.006278 0.000000
0.892508 0.076956 0.017190 0.007149 0.000025 0.006171 0.000000
0.885966 0.081402 0.018359 0.007631 0.000025 0.006617 0.000000
0.887904 0.080044 0.018009 0.007476 0.000024 0.006542 0.000000
0.889899 0.078792 0.017646 0.007274 0.000024 0.006365 0.000000
0.888961 0.079418 0.017798 0.007383 0.000024 0.006417 0.000000
0.885443 0.081743 0.018410 0.007610 0.000028 0.006766 0.000000
0.884042 0.082746 0.018655 0.007722 0.000025 0.006810 0.000000
0.885355 0.081908 0.018396 0.007576 0.000024 0.006742 0.000000
0.884749 0.082244 0.018549 0.007656 0.000023 0.006779 0.000000
0.884911 0.082055 0.018559 0.007660 0.000026 0.006790 0.000000
0.883414 0.083151 0.018828 0.007718 0.000024 0.006865 0.000000
0.882124 0.084008 0.019052 0.007819 0.000026 0.006971 0.000000
0.882118 0.083966 0.019044 0.007829 0.000028 0.007015 0.000000
0.879282 0.085826 0.019628 0.008054 0.000026 0.007184 0.000000
0.878860 0.086239 0.019586 0.008090 0.000028 0.007196 0.000000
0.879257 0.085912 0.019573 0.008042 0.000025 0.007190 0.000000
0.876980 0.087391 0.020025 0.008267 0.000026 0.007309 0.000000
0.875307 0.088594 0.020305 0.008322 0.000027 0.007446 0.000000
0.877837 0.086859 0.019857 0.008129 0.000024 0.007294 0.000000
0.876537 0.087677 0.020070 0.008283 0.000025 0.007409 0.000000
0.875904 0.088102 0.020179 0.008322 0.000027 0.007467 0.000000
0.873454 0.089755 0.020658 0.008476 0.000026 0.007631 0.000000
0.872470 0.090443 0.020804 0.008566 0.000027 0.007689 0.000000
0.870123 0.092073 0.021180 0.008708 0.000029 0.007886 0.000000
0.872722 0.090361 0.020714 0.008524 0.000024 0.007655 0.000000
0.867726 0.093689 0.021646 0.008898 0.000025 0.008016 0.000000
0.869527 0.092467 0.021314 0.008768 0.000028 0.007896 0.000000
0.867381 0.093844 0.021769 0.008972 0.000027 0.008006 0.000000
0.866510 0.094456 0.021868 0.009040 0.000025 0.008101 0.000000
0.866215 0.094624 0.021978 0.009007 0.000026 0.008149 0.000000
0.865606 0.094971 0.022114 0.009092 0.000027 0.008190 0.000000
0.864521 0.095755 0.022257 0.009174 0.000027 0.008265 0.000000
0.865962 0.094713 0.022086 0.009061 0.000025 0.008153 0.000000
0.863284 0.096493 0.022493 0.009288 0.000027 0.008415 0.000000
0.861254 0.097795 0.022946 0.009462 0.000027 0.008515 0.000000
0.861829 0.097399 0.022811 0.009407 0.000026 0.008528 0.000000
0.860546 0.098288 0.023028 0.009510 0.000027 0.008601 0.000000
0.858828 0.099627 0.023273 0.009559 0.000026 0.008687 0.000000
0.858267 0.099855 0.023442 0.009647 0.000027 0.008762 0.000000
0.857665 0.100188 0.023607 0.009668 0.000026 0.008848 0.000000
0.855943 0.101360 0.023904 0.009803 0.000028 0.008962 0.000000
0.854495 0.102344 0.024154 0.009922 0.000029 0.009056 0.000000
0.854580 0.102282 0.024098 0.009922 0.000028 0.009090 0.000000
0.853697 0.102789 0.024334 0.010014 0.000028 0.009137 0.000000
0.851154 0.104478 0.024809 0.010199 0.000027 0.009333 0.000000
0.851493 0.104291 0.024727 0.010170 0.000029 0.009289 0.000000
0.851312 0.104336 0.024803 0.010211 0.000031 0.009307 0.000000
0.850304 0.105009 0.024992 0.010280 0.000027 0.009388 0.000000
0.847122 0.107090 0.025554 0.010507 0.000031 0.009696 0.000000
0.847167 0.106951 0.025638 0.010539 0.000033 0.009672 0.000000
0.847251 0.106886 0.025644 0.010538 0.000029 0.009653 0.000000
0.846714 0.107291 0.025706 0.010588 0.000031 0.009669 0.000000
0.847716 0.106622 0.025509 0.010484 0.000029 0.009640 0.000000
0.843639 0.109304 0.026308 0.010740 0.000029 0.009980 0.000000
0.843602 0.109325 0.026288 0.010802 0.000028 0.009955 0.000000
0.840204 0.111486 0.026967 0.011078 0.000030 0.010236 0.000000
0.839922 0.111747 0.027013 0.011034 0.000029 0.010255 0.000000
0.836253 0.114086 0.027706 0.011378 0.000030 0.010548 0.000000
0.837029 0.113525 0.027551 0.011348 0.000030 0.010517 0.000000
0.838436 0.112651 0.027276 0.011225 0.000030 0.010382 0.000000
0.834864 0.115023 0.027945 0.011473 0.000029 0.010666 0.000000
0.837398 0.113302 0.027478 0.011302 0.000028 0.010492 0.000000
0.836936 0.113607 0.027562 0.011373 0.000029 0.010494 0.000000
0.836470 0.113820 0.027675 0.011388 0.000026 0.010621 0.000000
0.831541 0.117119 0.028593 0.011792 0.000029 0.010926 0.000000
0.832841 0.116172 0.028402 0.011702 0.000028 0.010855 0.000000
0.831952 0.116862 0.028425 0.011743 0.000028 0.010989 0.000000
0.831704 0.116941 0.028554 0.011795 0.000027 0.010979 0.000000
0.826088 0.120636 0.029554 0.012235 0.000029 0.011458 0.000000
0.831063 0.117408 0.028636 0.011818 0.000029 0.011045 0.000000
0.823941 0.122103 0.029978 0.012363 0.000030 0.011585 0.000000
0.824350 0.121739 0.029959 0.012348 0.000028 0.011576 0.000000
0.826604 0.120321 0.029512 0.012163 0.000025 0.011375 0.000000
0.822188 0.123187 0.030345 0.012501 0.000028 0.011751 0.000000
0.822038 0.123312 0.030312 0.012518 0.000028 0.011791 0.000000
0.821784 0.123403 0.030372 0.012565 0.000028 0.011848 0.000000
0.821521 0.123603 0.030422 0.012554 0.000028 0.011872 0.000000
0.821049 0.123775 0.030534 0.012640 0.000029 0.011972 0.000000
0.818266 0.125544 0.031093 0.012861 0.000029 0.012207 0.000000
0.815426 0.127358 0.031607 0.013064 0.000030 0.012516 0.000000
0.816864 0.126484 0.031330 0.012934 0.000030 0.012358 0.000000
0.816551 0.126594 0.031420 0.012988 0.000030 0.012417 0.000000
0.814575 0.127786 0.031884 0.013170 0.000031 0.012554 0.000000
0.815147 0.127434 0.031748 0.013160 0.000028 0.012482 0.000000
0.814363 0.127974 0.031889 0.013177 0.000031 0.012566 0.000000
0.811824 0.129489 0.032403 0.013424 0.000031 0.012829 0.000000
0.810155 0.130592 0.032767 0.013495 0.000031 0.012960 0.000000
0.809432 0.131124 0.032832 0.013546 0.000029 0.013037 0.000000
0.809006 0.131264 0.032981 0.013621 0.000031 0.013097 0.000000
0.807610 0.132186 0.033187 0.013801 0.000032 0.013184 0.000000
0.803556 0.134808 0.033982 0.014074 0.000032 0.013548 0.000001
0.802683 0.135281 0.034176 0.014203 0.000032 0.013625 0.000000
0.804260 0.134324 0.033912 0.013984 0.000034 0.013486 0.000001
0.802443 0.135494 0.034200 0.014147 0.000032 0.013683 0.000001
0.801447 0.136008 0.034509 0.014232 0.000035 0.013767 0.000001
0.800672 0.136562 0.034607 0.014293 0.000036 0.013829 0.000001
0.799912 0.136803 0.034913 0.014406 0.000039 0.013925 0.000001
0.799969 0.137062 0.034738 0.014337 0.000037 0.013856 0.000001
0.797517 0.138363 0.035347 0.014612 0.000039 0.014121 0.000001
0.797957 0.138270 0.035149 0.014573 0.000040 0.014010 0.000001
0.794719 0.140131 0.035895 0.014874 0.000041 0.014339 0.000001
0.794079 0.140465 0.036041 0.014908 0.000046 0.014461 0.000001
0.794720 0.140057 0.035891 0.014892 0.000045 0.014395 0.000001
0.792001 0.141678 0.036474 0.015126 0.000046 0.014673 0.000001
0.793007 0.140948 0.036248 0.015070 0.000047 0.014678 0.000001
