0.999766 0.000190 0.000034 0.000011 0.000000 0.000000 0.000000
0.999701 0.000220 0.000033 0.000007 0.000000 0.000039 0.000000
0.999590 0.000315 0.000051 0.000014 0.000000 0.000029 0.000000
0.999502 0.000381 0.000065 0.000018 0.000000 0.000034 0.000000
0.999421 0.000438 0.000075 0.000022 0.000000 0.000045 0.000000
0.999327 0.000511 0.000088 0.000028 0.000000 0.000045 0.000000
0.999240 0.000578 0.000100 0.000031 0.000000 0.000050 0.000000
0.999153 0.000643 0.000113 0.000036 0.000000 0.000055 0.000000
0.999066 0.000709 0.000125 0.000041 0.000000 0.000058 0.000000
0.998976 0.000778 0.000137 0.000047 0.000000 0.000061 0.000000
0.998894 0.000837 0.000150 0.000052 0.000000 0.000066 0.000000
0.998807 0.000902 0.000163 0.000058 0.000000 0.000070 0.000000
0.998715 0.000976 0.000172 0.000062 0.000000 0.000074 0.000000
0.998632 0.001035 0.000189 0.000065 0.000000 0.000080 0.000000
0.998549 0.001091 0.000206 0.000071 0.000000 0.000083 0.000000
0.998465 0.001150 0.000218 0.000079 0.000000 0.000088 0.000000
0.998377 0.001219 0.000230 0.000082 0.000000 0.000093 0.000000
0.998288 0.001288 0.000242 0.000086 0.000000 0.000097 0.000000
0.998200 0.001355 0.000252 0.000091 0.000000 0.000102 0.000000
0.998112 0.001422 0.000264 0.000096 0.000000 0.000106 0.000000
0.998028 0.001480 0.000280 0.000100 0.000000 0.000111 0.000000
0.997943 0.001544 0.000292 0.000103 0.000000 0.000117 0.000000
0.997854 0.001613 0.000302 0.000108 0.000000 0.000122 0.000000
0.997766 0.001680 0.000310 0.000117 0.000000 0.000126 0.000000
0.997680 0.001744 0.000324 0.000122 0.000000 0.000130 0.000000
0.997591 0.001813 0.000336 0.000127 0.000000 0.000133 0.000000
0.997506 0.001873 0.000351 0.000133 0.000000 0.000136 0.000000
0.997420 0.001937 0.000363 0.000140 0.000000 0.000140 0.000000
0.997330 0.002009 0.000373 0.000146 0.000000 0.000143 0.000000
0.997244 0.002073 0.000383 0.000151 0.000000 0.000150 0.000000
0.997161 0.002132 0.000395 0.000158 0.000000 0.000155 0.000000
0.997072 0.002201 0.000406 0.000163 0.000000 0.000159 0.000000
0.996983 0.002267 0.000420 0.000169 0.000000 0.000161 0.000000
0.996898 0.002330 0.000433 0.000174 0.000000 0.000165 0.000000
0.996811 0.002393 0.000446 0.000181 0.000000 0.000168 0.000000
0.996727 0.002452 0.000461 0.000187 0.000000 0.000172 0.000000
0.996638 0.002520 0.000474 0.000192 0.000000 0.000176 0.000000
0.996551 0.002587 0.000485 0.000198 0.000000 0.000178 0.000000
0.996462 0.002656 0.000497 0.000203 0.000000 0.000183 0.000000
0.996379 0.002716 0.000510 0.000206 0.000000 0.000189 0.000000
0.996294 0.002776 0.000526 0.000212 0.000000 0.000191 0.000000
0.996204 0.002848 0.000538 0.000215 0.000000 0.000195 0.000000
0.996118 0.002914 0.000550 0.000220 0.000000 0.000199 0.000000
0.996030 0.002980 0.000563 0.000223 0.000000 0.000203 0.000000
0.995945 0.003042 0.000576 0.000228 0.000000 0.000208 0.000000
0.995860 0.003107 0.000587 0.000231 0.000000 0.000215 0.000000
0.995770 0.003177 0.000599 0.000236 0.000000 0.000218 0.000000
0.995687 0.003235 0.000616 0.000240 0.000000 0.000222 0.000000
0.995601 0.003298 0.000628 0.000245 0.000000 0.000227 0.000000
0.995511 0.003371 0.000636 0.000250 0.000000 0.000232 0.000000
0.995426 0.003432 0.000648 0.000256 0.000000 0.000238 0.000000
0.995339 0.003499 0.000660 0.000258 0.000000 0.000244 0.000000
0.995249 0.003568 0.000672 0.000262 0.000000 0.000248 0.000000
0.995159 0.003640 0.000683 0.000267 0.000000 0.000251 0.000000
0.995075 0.003698 0.000698 0.000272 0.000000 0.000256 0.000000
0.994987 0.003767 0.000708 0.000278 0.000000 0.000261 0.000000
0.994900 0.003833 0.000721 0.000280 0.000000 0.000266 0.000000
0.994811 0.003903 0.000730 0.000286 0.000000 0.000270 0.000000
0.994727 0.003964 0.000741 0.000291 0.000000 0.000276 0.000000
0.994647 0.004017 0.000759 0.000297 0.000000 0.000281 0.000000
0.994561 0.004079 0.000773 0.000301 0.000000 0.000286 0.000000
0.994475 0.004145 0.000780 0.000306 0.000000 0.000293 0.000000
0.994388 0.004211 0.000793 0.000310 0.000000 0.000297 0.000000
0.994300 0.004278 0.000804 0.000315 0.000000 0.000302 0.000000
0.994210 0.004351 0.000813 0.000321 0.000000 0.000305 0.000000
0.994125 0.004412 0.000828 0.000326 0.000000 0.000309 0.000000
0.994039 0.004476 0.000839 0.000331 0.000000 0.000315 0.000000
0.993955 0.004536 0.000853 0.000336 0.000000 0.000320 0.000000
0.993869 0.004598 0.000867 0.000341 0.000000 0.000325 0.000000
0.993781 0.004664 0.000878 0.000348 0.000000 0.000328 0.000000
0.993702 0.004717 0.000892 0.000355 0.000000 0.000334 0.000000
0.993615 0.004779 0.000906 0.000362 0.000000 0.000337 0.000000
0.993528 0.004843 0.000919 0.000369 0.000000 0.000341 0.000000
0.993443 0.004906 0.000929 0.000375 0.000000 0.000346 0.000000
0.993358 0.004968 0.000939 0.000381 0.000000 0.000353 0.000000
0.993274 0.005033 0.000948 0.000387 0.000000 0.000358 0.000000
0.993189 0.005093 0.000963 0.000393 0.000000 0.000362 0.000000
0.993105 0.005151 0.000975 0.000402 0.000000 0.000366 0.000000
0.993022 0.005207 0.000993 0.000407 0.000000 0.000370 0.000000
0.992933 0.005278 0.001004 0.000412 0.000000 0.000374 0.000000
0.992844 0.005345 0.001015 0.000418 0.000000 0.000378 0.000000
0.992759 0.005408 0.001027 0.000422 0.000000 0.000383 0.000000
0.992674 0.005469 0.001041 0.000427 0.000000 0.000388 0.000000
0.992589 0.005532 0.001055 0.000432 0.000000 0.000392 0.000000
0.992505 0.005594 0.001066 0.000437 0.000000 0.000398 0.000000
0.992416 0.005661 0.001078 0.000442 0.000000 0.000402 0.000000
0.992333 0.005723 0.001089 0.000445 0.000000 0.000410 0.000000
0.992248 0.005785 0.001101 0.000451 0.000000 0.000415 0.000000
0.992162 0.005846 0.001114 0.000459 0.000000 0.000418 0.000000
0.992073 0.005914 0.001124 0.000465 0.000000 0.000423 0.000000
0.991986 0.005983 0.001133 0.000469 0.000001 0.000428 0.000000
0.991902 0.006045 0.001145 0.000474 0.000001 0.000434 0.000000
0.991816 0.006109 0.001158 0.000478 0.000001 0.000438 0.000000
0.991729 0.006177 0.001168 0.000482 0.000001 0.000444 0.000000
0.991643 0.006239 0.001183 0.000488 0.000001 0.000447 0.000000
0.991558 0.006303 0.001192 0.000495 0.000001 0.000452 0.000000
0.991473 0.006367 0.001203 0.000497 0.000001 0.000459 0.000000
0.991387 0.006430 0.001217 0.000502 0.000001 0.000463 0.000000
0.991301 0.006496 0.001229 0.000504 0.000001 0.000469 0.000000
0.991216 0.006559 0.001242 0.000507 0.000001 0.000474 0.000000
0.991131 0.006620 0.001254 0.000516 0.000001 0.000479 0.000000
0.991046 0.006684 0.001264 0.000521 0.000001 0.000484 0.000000
0.990958 0.006750 0.001277 0.000525 0.000001 0.000489 0.000000
0.990871 0.006816 0.001288 0.000532 0.000001 0.000491 0.000000
0.990783 0.006882 0.001303 0.000536 0.000001 0.000495 0.000000
0.990697 0.006947 0.001315 0.000543 0.000001 0.000498 0.000000
0.990610 0.007014 0.001325 0.000547 0.000001 0.000503 0.000000
0.990525 0.007076 0.001338 0.000553 0.000001 0.000509 0.000000
0.990437 0.007143 0.001347 0.000558 0.000001 0.000514 0.000000
0.990352 0.007208 0.001358 0.000561 0.000001 0.000521 0.000000
0.990268 0.007270 0.001369 0.000567 0.000001 0.000525 0.000000
0.990187 0.007325 0.001384 0.000573 0.000001 0.000530 0.000000
0.990100 0.007389 0.001398 0.000579 0.000001 0.000533 0.000000
0.990014 0.007452 0.001409 0.000584 0.000001 0.000539 0.000000
0.989931 0.007509 0.001425 0.000590 0.000001 0.000543 0.000000
0.989845 0.007573 0.001437 0.000596 0.000001 0.000548 0.000000
0.989764 0.007631 0.001451 0.000602 0.000001 0.000552 0.000000
0.989676 0.007696 0.001461 0.000609 0.000001 0.000556 0.000000
0.989590 0.007760 0.001477 0.000612 0.000001 0.000560 0.000000
0.989502 0.007828 0.001488 0.000617 0.000001 0.000564 0.000000
0.989421 0.007880 0.001509 0.000623 0.000001 0.000567 0.000000
0.989334 0.007942 0.001526 0.000628 0.000001 0.000569 0.000000
0.989248 0.008005 0.001541 0.000632 0.000001 0.000574 0.000000
0.989163 0.008065 0.001553 0.000640 0.000001 0.000578 0.000000
0.989081 0.008124 0.001567 0.000643 0.000001 0.000584 0.000000
0.988998 0.008182 0.001582 0.000650 0.000001 0.000587 0.000000
0.988911 0.008248 0.001594 0.000655 0.000001 0.000591 0.000000
0.988826 0.008308 0.001609 0.000662 0.000001 0.000594 0.000000
0.988743 0.008366 0.001622 0.000669 0.000001 0.000599 0.000000
0.988655 0.008435 0.001631 0.000674 0.000001 0.000604 0.000000
0.988572 0.008494 0.001645 0.000680 0.000001 0.000609 0.000000
0.988493 0.008544 0.001662 0.000687 0.000001 0.000613 0.000000
0.988412 0.008599 0.001679 0.000692 0.000001 0.000618 0.000000
0.988329 0.008657 0.001694 0.000696 0.000001 0.000623 0.000000
0.988246 0.008715 0.001706 0.000703 0.000001 0.000629 0.000000
0.988158 0.008783 0.001719 0.000707 0.000001 0.000632 0.000000
0.988068 0.008852 0.001731 0.000712 0.000001 0.000636 0.000000
0.987980 0.008920 0.001740 0.000718 0.000001 0.000641 0.000000
0.987891 0.008989 0.001752 0.000722 0.000001 0.000644 0.000000
0.987802 0.009058 0.001763 0.000728 0.000001 0.000648 0.000000
0.987716 0.009124 0.001775 0.000731 0.000001 0.000653 0.000000
0.987632 0.009182 0.001790 0.000740 0.000001 0.000656 0.000000
0.987552 0.009234 0.001807 0.000746 0.000001 0.000660 0.000000
0.987469 0.009287 0.001821 0.000757 0.000001 0.000664 0.000000
0.987384 0.009351 0.001834 0.000761 0.000001 0.000669 0.000000
0.987297 0.009415 0.001847 0.000767 0.000001 0.000672 0.000000
0.987209 0.009482 0.001860 0.000773 0.000001 0.000675 0.000000
0.987122 0.009550 0.001871 0.000776 0.000001 0.000680 0.000000
0.987034 0.009615 0.001887 0.000780 0.000001 0.000683 0.000000
0.986947 0.009680 0.001901 0.000785 0.000001 0.000686 0.000000
0.986859 0.009745 0.001913 0.000792 0.000001 0.000689 0.000000
0.986776 0.009804 0.001927 0.000798 0.000001 0.000694 0.000000
0.986692 0.009865 0.001939 0.000804 0.000001 0.000699 0.000000
0.986603 0.009933 0.001952 0.000809 0.000001 0.000702 0.000000
0.986516 0.009998 0.001967 0.000812 0.000001 0.000706 0.000000
0.986430 0.010063 0.001977 0.000818 0.000001 0.000711 0.000000
0.986344 0.010125 0.001990 0.000825 0.000001 0.000714 0.000000
0.986259 0.010187 0.002005 0.000830 0.000001 0.000719 0.000000
0.986174 0.010247 0.002020 0.000835 0.000001 0.000723 0.000000
0.986085 0.010314 0.002034 0.000840 0.000001 0.000726 0.000000
0.986001 0.010376 0.002045 0.000845 0.000001 0.000731 0.000000
0.985911 0.010447 0.002058 0.000849 0.000001 0.000733 0.000000
0.985823 0.010514 0.002071 0.000854 0.000001 0.000737 0.000000
0.985734 0.010582 0.002081 0.000861 0.000001 0.000741 0.000000
0.985648 0.010646 0.002094 0.000866 0.000001 0.000745 0.000000
0.985563 0.010708 0.002108 0.000871 0.000001 0.000749 0.000000
0.985477 0.010770 0.002123 0.000876 0.000001 0.000753 0.000000
0.985390 0.010837 0.002134 0.000881 0.000001 0.000757 0.000000
0.985308 0.010895 0.002144 0.000888 0.000001 0.000764 0.000000
0.985223 0.010958 0.002158 0.000892 0.000001 0.000768 0.000000
0.985140 0.011016 0.002171 0.000899 0.000001 0.000773 0.000000
0.985050 0.011086 0.002179 0.000905 0.000001 0.000778 0.000000
0.984969 0.011143 0.002196 0.000909 0.000001 0.000782 0.000000
0.984881 0.011208 0.002211 0.000915 0.000001 0.000785 0.000000
0.984794 0.011271 0.002223 0.000922 0.000001 0.000788 0.000000
0.984713 0.011325 0.002237 0.000929 0.000001 0.000794 0.000000
0.984625 0.011392 0.002252 0.000933 0.000001 0.000797 0.000000
0.984538 0.011458 0.002264 0.000937 0.000001 0.000802 0.000000
0.984453 0.011520 0.002274 0.000943 0.000001 0.000808 0.000000
0.984369 0.011582 0.002287 0.000948 0.000001 0.000813 0.000000
0.984285 0.011641 0.002304 0.000952 0.000001 0.000818 0.000000
0.984199 0.011705 0.002316 0.000957 0.000001 0.000822 0.000000
0.984112 0.011770 0.002329 0.000962 0.000001 0.000825 0.000000
0.984027 0.011834 0.002340 0.000968 0.000001 0.000830 0.000000
0.983940 0.011898 0.002352 0.000973 0.000001 0.000835 0.000000
0.983853 0.011964 0.002365 0.000977 0.000001 0.000840 0.000000
0.983766 0.012029 0.002376 0.000983 0.000001 0.000845 0.000000
0.983683 0.012088 0.002391 0.000990 0.000001 0.000848 0.000000
0.983599 0.012148 0.002404 0.000997 0.000001 0.000852 0.000000
0.983513 0.012211 0.002420 0.000999 0.000001 0.000856 0.000000
0.983428 0.012271 0.002434 0.001005 0.000001 0.000860 0.000000
0.983340 0.012338 0.002448 0.001010 0.000001 0.000863 0.000000
0.983252 0.012406 0.002460 0.001014 0.000001 0.000867 0.000000
0.983163 0.012472 0.002473 0.001020 0.000001 0.000870 0.000000
0.983078 0.012534 0.002487 0.001024 0.000001 0.000875 0.000000
0.982989 0.012604 0.002500 0.001027 0.000001 0.000878 0.000000
0.982904 0.012665 0.002515 0.001032 0.000001 0.000883 0.000000
0.982821 0.012722 0.002530 0.001040 0.000001 0.000886 0.000000
0.982740 0.012776 0.002545 0.001045 0.000001 0.000891 0.000000
0.982654 0.012839 0.002560 0.001050 0.000001 0.000895 0.000000
0.982570 0.012898 0.002574 0.001057 0.000001 0.000899 0.000000
0.982485 0.012958 0.002588 0.001065 0.000001 0.000903 0.000000
0.982398 0.013023 0.002602 0.001069 0.000001 0.000906 0.000000
0.982309 0.013094 0.002614 0.001070 0.000001 0.000913 0.000000
0.982225 0.013154 0.002628 0.001077 0.000001 0.000915 0.000000
0.982139 0.013217 0.002641 0.001082 0.000001 0.000920 0.000000
0.982057 0.013273 0.002657 0.001087 0.000001 0.000925 0.000000
0.981972 0.013336 0.002669 0.001092 0.000001 0.000931 0.000000
0.981883 0.013407 0.002676 0.001094 0.000001 0.000938 0.000000
0.981797 0.013469 0.002691 0.001098 0.000001 0.000943 0.000000
0.981709 0.013536 0.002705 0.001104 0.000001 0.000945 0.000000
0.981623 0.013601 0.002716 0.001109 0.000001 0.000950 0.000000
0.981538 0.013660 0.002731 0.001115 0.000001 0.000954 0.000000
0.981452 0.013726 0.002743 0.001119 0.000001 0.000958 0.000000
0.981370 0.013785 0.002755 0.001124 0.000001 0.000965 0.000000
0.981279 0.013858 0.002767 0.001128 0.000001 0.000967 0.000000
0.981190 0.013925 0.002779 0.001134 0.000001 0.000970 0.000000
0.981103 0.013992 0.002791 0.001138 0.000001 0.000974 0.000000
0.981019 0.014054 0.002803 0.001145 0.000001 0.000978 0.000000
0.980933 0.014116 0.002815 0.001151 0.000001 0.000983 0.000000
0.980849 0.014175 0.002829 0.001157 0.000001 0.000988 0.000000
0.980763 0.014240 0.002842 0.001161 0.000002 0.000993 0.000000
0.980683 0.014292 0.002860 0.001167 0.000002 0.000997 0.000000
0.980595 0.014359 0.002870 0.001173 0.000002 0.001002 0.000000
0.980510 0.014421 0.002882 0.001179 0.000002 0.001007 0.000000
0.980425 0.014484 0.002892 0.001187 0.000002 0.001011 0.000000
0.980339 0.014547 0.002904 0.001195 0.000002 0.001015 0.000000
0.980255 0.014605 0.002921 0.001198 0.000002 0.001020 0.000000
0.980169 0.014668 0.002935 0.001201 0.000002 0.001025 0.000000
0.980084 0.014729 0.002948 0.001208 0.000002 0.001029 0.000000
0.980001 0.014791 0.002961 0.001212 0.000002 0.001034 0.000000
0.979913 0.014857 0.002975 0.001216 0.000002 0.001037 0.000000
0.979832 0.014912 0.002989 0.001221 0.000002 0.001044 0.000000
0.979746 0.014977 0.003000 0.001227 0.000002 0.001048 0.000000
0.979658 0.015045 0.003011 0.001234 0.000002 0.001050 0.000000
0.979573 0.015107 0.003025 0.001237 0.000002 0.001056 0.000000
0.979488 0.015170 0.003039 0.001241 0.000002 0.001061 0.000000
0.979405 0.015228 0.003054 0.001246 0.000002 0.001065 0.000000
0.979321 0.015286 0.003070 0.001251 0.000002 0.001070 0.000000
0.979235 0.015352 0.003082 0.001254 0.000002 0.001076 0.000000
0.979152 0.015410 0.003096 0.001260 0.000002 0.001081 0.000000
0.979066 0.015474 0.003106 0.001265 0.000002 0.001087 0.000000
0.978985 0.015527 0.003122 0.001272 0.000002 0.001091 0.000000
0.978896 0.015600 0.003130 0.001275 0.000002 0.001098 0.000000
0.978813 0.015657 0.003144 0.001281 0.000002 0.001103 0.000000
0.978727 0.015721 0.003158 0.001286 0.000002 0.001107 0.000000
0.978637 0.015788 0.003171 0.001292 0.000002 0.001109 0.000000
0.978554 0.015845 0.003185 0.001299 0.000002 0.001114 0.000000
0.978469 0.015908 0.003196 0.001304 0.000002 0.001120 0.000000
0.978379 0.015977 0.003209 0.001310 0.000002 0.001123 0.000000
0.978298 0.016033 0.003221 0.001317 0.000002 0.001129 0.000000
0.978216 0.016089 0.003237 0.001321 0.000002 0.001134 0.000000
0.978129 0.016155 0.003250 0.001328 0.000002 0.001137 0.000000
0.978045 0.016215 0.003264 0.001333 0.000002 0.001141 0.000000
0.977957 0.016284 0.003274 0.001337 0.000002 0.001147 0.000000
0.977873 0.016345 0.003287 0.001342 0.000002 0.001152 0.000000
0.977789 0.016405 0.003299 0.001348 0.000002 0.001157 0.000000
0.977704 0.016469 0.003312 0.001352 0.000002 0.001161 0.000000
0.977620 0.016529 0.003326 0.001357 0.000002 0.001167 0.000000
0.977535 0.016592 0.003341 0.001359 0.000002 0.001172 0.000000
0.977444 0.016662 0.003355 0.001362 0.000002 0.001175 0.000000
0.977359 0.016726 0.003365 0.001366 0.000002 0.001182 0.000000
0.977272 0.016794 0.003375 0.001371 0.000002 0.001186 0.000000
0.977189 0.016851 0.003389 0.001378 0.000002 0.001190 0.000000
0.977098 0.016925 0.003399 0.001382 0.000002 0.001194 0.000000
0.977012 0.016989 0.003411 0.001387 0.000002 0.001200 0.000000
0.976928 0.017050 0.003421 0.001392 0.000002 0.001207 0.000000
0.976844 0.017109 0.003436 0.001398 0.000002 0.001211 0.000000
0.976756 0.017176 0.003449 0.001402 0.000002 0.001214 0.000000
0.976671 0.017238 0.003464 0.001407 0.000002 0.001219 0.000000
0.976585 0.017301 0.003474 0.001415 0.000002 0.001222 0.000000
0.976498 0.017368 0.003486 0.001418 0.000002 0.001229 0.000000
0.976407 0.017443 0.003493 0.001421 0.000002 0.001234 0.000000
0.976318 0.017510 0.003506 0.001426 0.000002 0.001238 0.000000
0.976233 0.017575 0.003516 0.001430 0.000002 0.001244 0.000000
0.976150 0.017634 0.003529 0.001436 0.000002 0.001249 0.000000
0.976063 0.017698 0.003543 0.001441 0.000002 0.001252 0.000000
0.975983 0.017750 0.003560 0.001447 0.000002 0.001257 0.000000
0.975898 0.017810 0.003575 0.001452 0.000002 0.001262 0.000000
0.975812 0.017875 0.003587 0.001458 0.000002 0.001267 0.000000
0.975726 0.017938 0.003601 0.001461 0.000002 0.001271 0.000000
0.975643 0.017996 0.003614 0.001469 0.000002 0.001276 0.000000
0.975555 0.018066 0.003623 0.001471 0.000002 0.001283 0.000000
0.975468 0.018129 0.003637 0.001476 0.000002 0.001288 0.000000
0.975383 0.018193 0.003652 0.001479 0.000002 0.001292 0.000000
0.975295 0.018258 0.003663 0.001486 0.000002 0.001295 0.000000
0.975208 0.018323 0.003674 0.001493 0.000002 0.001299 0.000000
0.975124 0.018384 0.003685 0.001501 0.000002 0.001303 0.000000
0.975029 0.018454 0.003697 0.001507 0.000002 0.001311 0.000000
0.974934 0.018521 0.003711 0.001515 0.000002 0.001316 0.000000
0.974835 0.018594 0.003726 0.001523 0.000002 0.001319 0.000000
0.974763 0.018646 0.003739 0.001526 0.000002 0.001323 0.000000
0.974587 0.018790 0.003751 0.001539 0.000002 0.001332 0.000000
0.974552 0.018812 0.003763 0.001536 0.000002 0.001335 0.000000
0.974442 0.018899 0.003773 0.001542 0.000002 0.001341 0.000000
0.974354 0.018964 0.003791 0.001545 0.000002 0.001343 0.000000
0.974114 0.019155 0.003810 0.001567 0.000002 0.001353 0.000000
0.974150 0.019115 0.003823 0.001558 0.000003 0.001352 0.000000
0.974004 0.019228 0.003842 0.001566 0.000003 0.001357 0.000000
0.973986 0.019230 0.003855 0.001567 0.000003 0.001359 0.000000
0.973904 0.019286 0.003863 0.001575 0.000003 0.001369 0.000000
0.973608 0.019522 0.003898 0.001593 0.000003 0.001376 0.000000
0.973753 0.019395 0.003891 0.001583 0.000003 0.001375 0.000000
0.973545 0.019560 0.003919 0.001593 0.000003 0.001381 0.000000
0.973348 0.019715 0.003941 0.001607 0.000003 0.001386 0.000000
0.973338 0.019710 0.003948 0.001609 0.000003 0.001393 0.000000
0.973179 0.019844 0.003961 0.001615 0.000003 0.001399 0.000000
0.972917 0.020056 0.003984 0.001628 0.000003 0.001412 0.000000
0.973041 0.019930 0.003993 0.001621 0.000003 0.001411 0.000000
0.972834 0.020091 0.004027 0.001631 0.000003 0.001415 0.000000
0.972778 0.020147 0.004013 0.001635 0.000003 0.001425 0.000000
0.972601 0.020274 0.004048 0.001647 0.000003 0.001428 0.000000
0.972567 0.020298 0.004059 0.001642 0.000003 0.001431 0.000000
0.972614 0.020232 0.004077 0.001644 0.000003 0.001430 0.000000
0.972649 0.020208 0.004058 0.001648 0.000003 0.001433 0.000000
0.972419 0.020386 0.004089 0.001657 0.000003 0.001447 0.000000
0.971986 0.020733 0.004138 0.001677 0.000003 0.001464 0.000000
0.971728 0.020919 0.004188 0.001695 0.000003 0.001467 0.000000
0.971827 0.020844 0.004158 0.001695 0.000003 0.001472 0.000000
0.971735 0.020903 0.004205 0.001683 0.000003 0.001470 0.000000
0.971816 0.020832 0.004187 0.001691 0.000003 0.001471 0.000000
0.971472 0.021106 0.004233 0.001706 0.000003 0.001480 0.000000
0.971888 0.020749 0.004185 0.001694 0.000003 0.001481 0.000000
0.971423 0.021120 0.004250 0.001714 0.000003 0.001489 0.000000
0.971256 0.021245 0.004279 0.001720 0.000003 0.001497 0.000000
0.970998 0.021442 0.004300 0.001749 0.000003 0.001508 0.000000
0.971248 0.021234 0.004285 0.001727 0.000003 0.001504 0.000000
0.970991 0.021430 0.004313 0.001748 0.000003 0.001515 0.000000
0.970907 0.021486 0.004324 0.001761 0.000003 0.001519 0.000000
0.970788 0.021570 0.004344 0.001770 0.000003 0.001526 0.000000
0.970584 0.021719 0.004399 0.001763 0.000003 0.001533 0.000000
0.970687 0.021642 0.004379 0.001762 0.000003 0.001527 0.000000
0.970377 0.021874 0.004412 0.001803 0.000003 0.001532 0.000000
0.970115 0.022074 0.004450 0.001811 0.000003 0.001548 0.000000
0.970416 0.021835 0.004416 0.001785 0.000003 0.001545 0.000000
0.970050 0.022107 0.004475 0.001812 0.000003 0.001552 0.000000
0.969730 0.022335 0.004518 0.001837 0.000003 0.001578 0.000000
0.969889 0.022211 0.004516 0.001811 0.000003 0.001570 0.000000
0.969719 0.022346 0.004522 0.001834 0.000003 0.001577 0.000000
0.969522 0.022497 0.004556 0.001843 0.000003 0.001580 0.000000
0.969494 0.022517 0.004546 0.001842 0.000003 0.001598 0.000000
0.969448 0.022546 0.004573 0.001838 0.000003 0.001593 0.000000
0.969039 0.022839 0.004634 0.001858 0.000003 0.001628 0.000000
0.969331 0.022596 0.004595 0.001854 0.000003 0.001621 0.000000
0.969538 0.022458 0.004562 0.001843 0.000003 0.001597 0.000000
0.968540 0.023181 0.004710 0.001915 0.000003 0.001652 0.000000
0.968778 0.023015 0.004676 0.001886 0.000004 0.001640 0.000000
0.968631 0.023112 0.004690 0.001920 0.000005 0.001642 0.000000
0.968070 0.023509 0.004788 0.001954 0.000004 0.001674 0.000000
0.968391 0.023293 0.004739 0.001929 0.000005 0.001644 0.000000
0.968091 0.023490 0.004795 0.001961 0.000004 0.001658 0.000000
0.968004 0.023541 0.004819 0.001959 0.000004 0.001673 0.000000
0.967999 0.023562 0.004818 0.001955 0.000005 0.001661 0.000000
0.967534 0.023883 0.004894 0.001992 0.000004 0.001693 0.000000
0.967281 0.024091 0.004918 0.002010 0.000005 0.001695 0.000000
0.967593 0.023861 0.004869 0.001984 0.000004 0.001690 0.000000
0.967194 0.024149 0.004942 0.002007 0.000004 0.001704 0.000000
0.967534 0.023914 0.004860 0.001982 0.000004 0.001705 0.000000
0.967582 0.023898 0.004848 0.001975 0.000005 0.001692 0.000000
0.966767 0.024478 0.005007 0.002022 0.000005 0.001720 0.000000
0.966626 0.024563 0.005022 0.002053 0.000005 0.001731 0.000000
0.965930 0.025083 0.005132 0.002079 0.000007 0.001768 0.000000
0.965547 0.025371 0.005161 0.002117 0.000008 0.001796 0.000000
0.966008 0.025047 0.005092 0.002092 0.000005 0.001757 0.000000
0.965969 0.025070 0.005081 0.002088 0.000005 0.001786 0.000000
0.965661 0.025303 0.005116 0.002104 0.000007 0.001809 0.000000
0.965312 0.025533 0.005181 0.002147 0.000007 0.001820 0.000000
0.965784 0.025227 0.005080 0.002100 0.000005 0.001804 0.000000
0.965089 0.025722 0.005199 0.002155 0.000004 0.001830 0.000000
0.964741 0.025974 0.005224 0.002186 0.000006 0.001869 0.000000
0.965379 0.025499 0.005154 0.002127 0.000006 0.001835 0.000000
0.964234 0.026332 0.005348 0.002209 0.000006 0.001872 0.000000
0.964614 0.026117 0.005270 0.002159 0.000006 0.001835 0.000000
0.964062 0.026538 0.005336 0.002188 0.000006 0.001870 0.000000
0.963466 0.026939 0.005435 0.002245 0.000006 0.001909 0.000000
0.964278 0.026377 0.005288 0.002185 0.000005 0.001867 0.000000
0.962454 0.027660 0.005598 0.002318 0.000005 0.001965 0.000000
0.962803 0.027406 0.005538 0.002295 0.000006 0.001952 0.000000
0.962496 0.027690 0.005591 0.002287 0.000006 0.001930 0.000000
0.962889 0.027368 0.005553 0.002254 0.000006 0.001930 0.000000
0.962339 0.027729 0.005639 0.002318 0.000005 0.001969 0.000000
0.961992 0.027951 0.005675 0.002356 0.000008 0.002019 0.000000
0.961507 0.028365 0.005773 0.002355 0.000007 0.001992 0.000000
0.960961 0.028738 0.005828 0.002430 0.000008 0.002035 0.000000
0.960694 0.028972 0.005846 0.002440 0.000008 0.002039 0.000000
0.961014 0.028707 0.005812 0.002427 0.000007 0.002034 0.000000
0.961089 0.028639 0.005844 0.002409 0.000006 0.002013 0.000000
0.960708 0.028902 0.005893 0.002450 0.000006 0.002041 0.000000
0.959933 0.029481 0.005972 0.002506 0.000007 0.002101 0.000000
0.960201 0.029250 0.005957 0.002495 0.000009 0.002087 0.000000
0.959732 0.029625 0.006054 0.002495 0.000008 0.002087 0.000000
0.959695 0.029664 0.006028 0.002502 0.000007 0.002105 0.000000
0.959862 0.029550 0.006022 0.002479 0.000007 0.002079 0.000000
0.958751 0.030337 0.006201 0.002551 0.000008 0.002151 0.000000
0.959331 0.029909 0.006108 0.002523 0.000007 0.002121 0.000000
0.958035 0.030820 0.006294 0.002609 0.000008 0.002233 0.000000
0.958085 0.030831 0.006292 0.002601 0.000006 0.002185 0.000000
0.958325 0.030673 0.006221 0.002585 0.000008 0.002189 0.000000
0.956865 0.031761 0.006451 0.002666 0.000007 0.002250 0.000000
0.956974 0.031649 0.006416 0.002685 0.000009 0.002268 0.000000
0.957148 0.031512 0.006378 0.002676 0.000007 0.002279 0.000000
0.957331 0.031409 0.006385 0.002644 0.000008 0.002223 0.000000
0.956471 0.031970 0.006529 0.002737 0.000008 0.002285 0.000000
0.956254 0.032131 0.006577 0.002753 0.000008 0.002277 0.000000
0.956384 0.032078 0.006525 0.002731 0.000007 0.002276 0.000000
0.955567 0.032621 0.006655 0.002817 0.000007 0.002332 0.000000
0.954673 0.033295 0.006742 0.002869 0.000008 0.002414 0.000000
0.954207 0.033606 0.006857 0.002920 0.000007 0.002403 0.000000
0.954092 0.033740 0.006857 0.002887 0.000007 0.002418 0.000000
0.952766 0.034691 0.007054 0.003010 0.000008 0.002471 0.000000
0.953158 0.034318 0.007042 0.002971 0.000006 0.002504 0.000000
0.953313 0.034265 0.006996 0.002932 0.000007 0.002486 0.000000
0.953538 0.034129 0.006992 0.002906 0.000006 0.002429 0.000000
0.951849 0.035345 0.007218 0.003028 0.000008 0.002554 0.000000
0.950789 0.036113 0.007362 0.003102 0.000008 0.002627 0.000000
0.951362 0.035739 0.007261 0.003061 0.000008 0.002568 0.000000
0.952486 0.034817 0.007185 0.002994 0.000006 0.002512 0.000000
0.952418 0.034960 0.007109 0.003003 0.000006 0.002503 0.000000
0.950612 0.036196 0.007457 0.003143 0.000008 0.002584 0.000000
0.950778 0.036071 0.007443 0.003131 0.000006 0.002571 0.000000
0.949490 0.037058 0.007556 0.003231 0.000008 0.002656 0.000000
0.950395 0.036371 0.007471 0.003171 0.000005 0.002587 0.000000
0.950117 0.036602 0.007559 0.003157 0.000007 0.002558 0.000000
0.948385 0.037801 0.007833 0.003285 0.000007 0.002689 0.000000
0.948082 0.038080 0.007842 0.003267 0.000007 0.002722 0.000000
0.947316 0.038627 0.007957 0.003339 0.000008 0.002753 0.000000
0.947168 0.038732 0.007973 0.003329 0.000009 0.002790 0.000000
0.948066 0.038018 0.007883 0.003295 0.000007 0.002731 0.000000
0.945208 0.040125 0.008297 0.003461 0.000009 0.002900 0.000000
0.946469 0.039285 0.008079 0.003360 0.000006 0.002801 0.000000
0.943970 0.041026 0.008493 0.003527 0.000008 0.002976 0.000000
0.944646 0.040540 0.008374 0.003505 0.000007 0.002928 0.000000
0.942902 0.041765 0.008680 0.003615 0.000009 0.003030 0.000000
0.944872 0.040384 0.008382 0.003454 0.000008 0.002900 0.000000
0.943011 0.041629 0.008689 0.003621 0.000008 0.003042 0.000000
0.943193 0.041536 0.008637 0.003617 0.000009 0.003008 0.000000
0.942765 0.041848 0.008703 0.003630 0.000007 0.003047 0.000000
0.942645 0.041985 0.008705 0.003619 0.000009 0.003037 0.000000
0.942288 0.042289 0.008731 0.003643 0.000007 0.003043 0.000000
0.940428 0.043548 0.009074 0.003738 0.000006 0.003206 0.000000
0.940391 0.043570 0.009065 0.003787 0.000008 0.003180 0.000000
0.940724 0.043421 0.008986 0.003710 0.000008 0.003151 0.000000
0.939199 0.044452 0.009175 0.003889 0.000008 0.003277 0.000000
0.939561 0.044290 0.009109 0.003801 0.000008 0.003231 0.000000
0.939830 0.044045 0.009119 0.003815 0.000007 0.003183 0.000000
0.937926 0.045431 0.009417 0.003905 0.000010 0.003311 0.000000
0.937578 0.045727 0.009428 0.003913 0.000010 0.003344 0.000000
0.937417 0.045696 0.009565 0.003970 0.000010 0.003343 0.000000
0.937349 0.045818 0.009578 0.003930 0.000008 0.003317 0.000000
0.936414 0.046473 0.009666 0.004003 0.000009 0.003435 0.000000
0.937153 0.045992 0.009584 0.003917 0.000009 0.003345 0.000000
0.934258 0.048082 0.010006 0.004137 0.000009 0.003508 0.000000
0.933980 0.048305 0.010103 0.004140 0.000009 0.003463 0.000000
0.933886 0.048332 0.010105 0.004153 0.000010 0.003514 0.000000
0.934453 0.047938 0.010007 0.004161 0.000007 0.003434 0.000000
0.932984 0.049075 0.010223 0.004171 0.000009 0.003538 0.000000
0.932439 0.049355 0.010340 0.004242 0.000009 0.003616 0.000000
0.931377 0.050214 0.010468 0.004275 0.000012 0.003654 0.000000
0.931616 0.050068 0.010416 0.004241 0.000014 0.003645 0.000000
0.931355 0.050232 0.010474 0.004294 0.000012 0.003633 0.000000
0.929706 0.051370 0.010794 0.004370 0.000011 0.003748 0.000000
0.929179 0.051807 0.010767 0.004397 0.000014 0.003836 0.000000
0.928002 0.052680 0.010989 0.004470 0.000012 0.003846 0.000000
0.930876 0.050545 0.010631 0.004262 0.000011 0.003673 0.000000
0.927208 0.053111 0.011156 0.004582 0.000014 0.003929 0.000000
0.927489 0.052930 0.011123 0.004546 0.000012 0.003900 0.000000
0.927898 0.052669 0.011022 0.004507 0.000012 0.003893 0.000000
0.926442 0.053683 0.011307 0.004628 0.000012 0.003929 0.000000
0.925110 0.054609 0.011534 0.004711 0.000012 0.004022 0.000000
0.924822 0.054910 0.011541 0.004666 0.000015 0.004046 0.000000
0.925285 0.054456 0.011480 0.004683 0.000010 0.004086 0.000000
0.924135 0.055357 0.011701 0.004739 0.000011 0.004056 0.000000
0.924715 0.054959 0.011570 0.004697 0.000011 0.004047 0.000000
0.922013 0.056841 0.012043 0.004886 0.000014 0.004202 0.000000
0.921613 0.056990 0.012175 0.004920 0.000011 0.004290 0.000000
0.922213 0.056627 0.012082 0.004873 0.000014 0.004192 0.000000
0.918956 0.058964 0.012552 0.005093 0.000013 0.004421 0.000000
0.921150 0.057258 0.012279 0.004952 0.000012 0.004349 0.000000
0.920602 0.057788 0.012314 0.004960 0.000012 0.004324 0.000000
0.918503 0.059251 0.012661 0.005129 0.000013 0.004442 0.000000
0.917598 0.059750 0.012834 0.005215 0.000012 0.004591 0.000000
0.916848 0.060457 0.012888 0.005220 0.000013 0.004574 0.000000
0.916643 0.060475 0.012977 0.005284 0.000012 0.004609 0.000000
0.916627 0.060588 0.012949 0.005260 0.000013 0.004563 0.000000
0.915167 0.061556 0.013180 0.005354 0.000014 0.004729 0.000000
0.915793 0.061109 0.013123 0.005330 0.000014 0.004631 0.000000
0.914952 0.061735 0.013214 0.005372 0.000014 0.004713 0.000000
0.914013 0.062427 0.013374 0.005399 0.000013 0.004774 0.000000
0.912793 0.063238 0.013580 0.005491 0.000015 0.004883 0.000000
0.910523 0.064829 0.013974 0.005637 0.000015 0.005022 0.000000
0.911257 0.064300 0.013814 0.005645 0.000013 0.004971 0.000000
0.910523 0.064816 0.013948 0.005672 0.000015 0.005025 0.000000
0.908202 0.066474 0.014339 0.005805 0.000016 0.005164 0.000000
0.909433 0.065658 0.014079 0.005711 0.000015 0.005104 0.000000
0.906293 0.067789 0.014644 0.005951 0.000016 0.005307 0.000000
0.906591 0.067595 0.014591 0.005917 0.000018 0.005288 0.000000
0.904968 0.068678 0.014919 0.006047 0.000017 0.005372 0.000000
0.905104 0.068582 0.014891 0.006007 0.000019 0.005397 0.000000
0.904881 0.068690 0.014949 0.006067 0.000018 0.005394 0.000000
0.903872 0.069387 0.015084 0.006153 0.000017 0.005486 0.000000
0.904640 0.068921 0.014921 0.006093 0.000017 0.005407 0.000000
0.904091 0.069324 0.015044 0.006086 0.000020 0.005435 0.000000
0.902423 0.070389 0.015414 0.006252 0.000015 0.005508 0.000000
0.902110 0.070550 0.015466 0.006267 0.000020 0.005587 0.000000
0.900704 0.071544 0.015684 0.006345 0.000017 0.005705 0.000000
0.899727 0.072246 0.015882 0.006412 0.000019 0.005715 0.000000
0.899395 0.072327 0.016010 0.006459 0.000022 0.005788 0.000000
0.898196 0.073218 0.016180 0.006523 0.000020 0.005863 0.000000
0.896936 0.074055 0.016403 0.006627 0.000020 0.005959 0.000000
0.895260 0.075264 0.016701 0.006727 0.000019 0.006029 0.000000
0.895756 0.074933 0.016598 0.006698 0.000018 0.005996 0.000000
0.894056 0.076039 0.016922 0.006825 0.000022 0.006136 0.000000
0.893702 0.076387 0.016917 0.006820 0.000020 0.006154 0.000000
0.892940 0.076838 0.017078 0.006909 0.000022 0.006213 0.000000
0.892798 0.076957 0.017067 0.006936 0.000019 0.006223 0.000000
0.892497 0.077123 0.017138 0.006974 0.000020 0.006248 0.000000
0.892032 0.077474 0.017221 0.006979 0.000019 0.006274 0.000000
0.892980 0.076745 0.017091 0.006911 0.000021 0.006252 0.000000
0.890010 0.078944 0.017581 0.007076 0.000022 0.006367 0.000000
0.890948 0.078178 0.017421 0.007062 0.000021 0.006370 0.000000
0.888996 0.079468 0.017759 0.007224 0.000022 0.006531 0.000000
0.888087 0.080211 0.017902 0.007268 0.000019 0.006513 0.000000
0.886962 0.080949 0.018108 0.007362 0.000019 0.006600 0.000000
0.884698 0.082491 0.018520 0.007522 0.000020 0.006749 0.000000
0.884627 0.082602 0.018477 0.007490 0.000023 0.006781 0.000000
0.882754 0.083880 0.018820 0.007590 0.000023 0.006932 0.000000
0.882271 0.084192 0.018936 0.007648 0.000021 0.006932 0.000000
0.882240 0.084101 0.018964 0.007699 0.000022 0.006975 0.000000
0.881812 0.084388 0.019021 0.007712 0.000021 0.007045 0.000000
0.879747 0.085877 0.019396 0.007813 0.000023 0.007145 0.000000
0.878912 0.086440 0.019530 0.007871 0.000021 0.007226 0.000000
0.880486 0.085393 0.019222 0.007785 0.000023 0.007091 0.000000
0.878141 0.087194 0.019597 0.007876 0.000024 0.007168 0.000000
0.876161 0.088398 0.019989 0.008047 0.000023 0.007382 0.000000
0.876021 0.088406 0.020009 0.008084 0.000021 0.007459 0.000000
0.874211 0.089673 0.020342 0.008217 0.000022 0.007535 0.000000
0.874758 0.089264 0.020274 0.008177 0.000023 0.007504 0.000000
0.871761 0.091274 0.020856 0.008389 0.000023 0.007698 0.000000
0.872315 0.090786 0.020791 0.008379 0.000023 0.007707 0.000000
0.873165 0.090244 0.020612 0.008323 0.000023 0.007634 0.000000
0.868214 0.093486 0.021537 0.008657 0.000024 0.008084 0.000000
0.867804 0.093755 0.021531 0.008750 0.000023 0.008137 0.000000
0.869400 0.092735 0.021249 0.008620 0.000023 0.007973 0.000000
0.867340 0.094035 0.021675 0.008773 0.000025 0.008153 0.000000
0.866433 0.094692 0.021773 0.008837 0.000025 0.008241 0.000000
0.863761 0.096623 0.022199 0.009005 0.000024 0.008389 0.000000
0.863191 0.096860 0.022370 0.009050 0.000022 0.008506 0.000000
0.864869 0.095758 0.022055 0.008939 0.000022 0.008357 0.000000
0.862229 0.097500 0.022572 0.009108 0.000025 0.008566 0.000000
0.863934 0.096451 0.022222 0.008993 0.000025 0.008375 0.000000
0.861341 0.098211 0.022665 0.009189 0.000024 0.008570 0.000000
0.859700 0.099257 0.022975 0.009281 0.000026 0.008761 0.000000
0.858298 0.100181 0.023267 0.009385 0.000026 0.008842 0.000000
0.858460 0.100103 0.023203 0.009373 0.000027 0.008835 0.000000
0.856828 0.101174 0.023507 0.009489 0.000025 0.008977 0.000001
0.855750 0.101800 0.023725 0.009576 0.000026 0.009123 0.000001
0.854901 0.102372 0.023905 0.009650 0.000030 0.009142 0.000001
0.852825 0.103861 0.024261 0.009770 0.000026 0.009256 0.000001
0.849852 0.105820 0.024785 0.010013 0.000028 0.009500 0.000001
0.854839 0.102405 0.023887 0.009670 0.000026 0.009172 0.000001
0.853170 0.103665 0.024154 0.009775 0.000026 0.009209 0.000001
0.850624 0.105213 0.024717 0.009954 0.000027 0.009465 0.000001
0.849450 0.106100 0.024877 0.010047 0.000024 0.009502 0.000001
0.847116 0.107481 0.025397 0.010233 0.000027 0.009745 0.000001
0.847819 0.107101 0.025255 0.010160 0.000030 0.009633 0.000001
0.844288 0.109402 0.025898 0.010422 0.000030 0.009959 0.000001
0.843169 0.110168 0.026111 0.010514 0.000027 0.010008 0.000001
0.844534 0.109176 0.025922 0.010417 0.000028 0.009922 0.000001
0.844109 0.109476 0.025948 0.010483 0.000030 0.009952 0.000001
0.841251 0.111249 0.026480 0.010701 0.000030 0.010287 0.000001
0.840149 0.112087 0.026659 0.010737 0.000031 0.010336 0.000001
0.838705 0.112967 0.026933 0.010883 0.000029 0.010482 0.000001
0.839858 0.112225 0.026784 0.010780 0.000030 0.010321 0.000001
0.839019 0.112783 0.026907 0.010851 0.000031 0.010409 0.000001
0.841879 0.110733 0.026413 0.010700 0.000030 0.010244 0.000001
0.837159 0.113930 0.027318 0.011040 0.000029 0.010523 0.000001
0.834633 0.115498 0.027806 0.011258 0.000030 0.010774 0.000001
0.835858 0.114691 0.027578 0.011148 0.000031 0.010692 0.000001
0.832331 0.117007 0.028161 0.011417 0.000032 0.011052 0.000001
0.832943 0.116656 0.028141 0.011338 0.000029 0.010892 0.000001
0.833078 0.116521 0.028062 0.011364 0.000032 0.010941 0.000001
0.831404 0.117664 0.028370 0.011492 0.000031 0.011037 0.000001
0.831361 0.117764 0.028347 0.011424 0.000032 0.011071 0.000001
0.829106 0.119144 0.028776 0.011626 0.000032 0.011315 0.000001
0.828056 0.119764 0.028971 0.011768 0.000031 0.011409 0.000001
0.825408 0.121356 0.029594 0.011949 0.000034 0.011658 0.000001
0.827677 0.120030 0.029109 0.011748 0.000034 0.011401 0.000001
0.825077 0.121746 0.029589 0.011946 0.000035 0.011605 0.000001
0.825274 0.121450 0.029597 0.011957 0.000032 0.011689 0.000001
0.822142 0.123381 0.030261 0.012240 0.000034 0.011940 0.000001
0.821263 0.124011 0.030382 0.012296 0.000033 0.012015 0.000001
0.821805 0.123597 0.030331 0.012323 0.000033 0.011910 0.000001
0.819329 0.125195 0.030836 0.012484 0.000035 0.012119 0.000001
0.820961 0.124185 0.030468 0.012360 0.000034 0.011991 0.000001
0.818257 0.125889 0.030963 0.012586 0.000037 0.012268 0.000001
0.815148 0.127828 0.031616 0.012816 0.000039 0.012552 0.000002
0.814929 0.128003 0.031676 0.012807 0.000037 0.012547 0.000001
0.817077 0.126620 0.031296 0.012648 0.000039 0.012320 0.000001
0.814709 0.128067 0.031791 0.012798 0.000039 0.012596 0.000001
0.814612 0.128045 0.031882 0.012797 0.000040 0.012623 0.000001
0.814461 0.128169 0.031874 0.012813 0.000040 0.012642 0.000001
0.811649 0.129880 0.032508 0.013037 0.000038 0.012885 0.000001
0.813324 0.128946 0.032072 0.012840 0.000039 0.012779 0.000001
0.809176 0.131549 0.032884 0.013199 0.000039 0.013152 0.000001
0.807002 0.132899 0.033378 0.013353 0.000040 0.013327 0.000001
0.806186 0.133402 0.033556 0.013450 0.000039 0.013365 0.000002
0.807989 0.132389 0.033104 0.013305 0.000043 0.013168 0.000002
0.801665 0.136155 0.034423 0.013860 0.000043 0.013853 0.000002
0.806275 0.133292 0.033528 0.013463 0.000040 0.013402 0.000001
0.801396 0.136324 0.034522 0.013843 0.000045 0.013868 0.000002
0.799523 0.137516 0.034815 0.013996 0.000043 0.014106 0.000001
0.800381 0.136999 0.034703 0.013883 0.000042 0.013991 0.000002
0.796478 0.139610 0.035393 0.014206 0.000044 0.014268 0.000001
0.798952 0.137845 0.035005 0.014032 0.000045 0.014120 0.000002
0.794284 0.140877 0.035853 0.014379 0.000045 0.014560 0.000002
0.796165 0.139561 0.035534 0.014301 0.000051 0.014385 0.000002
0.794773 0.140466 0.035811 0.014377 0.000048 0.014523 0.000002
0.793964 0.141029 0.035945 0.014421 0.000048 0.014592 0.000001
0.791244 0.142694 0.036499 0.014668 0.000048 0.014844 0.000002
0.792875 0.141737 0.036122 0.014558 0.000047 0.014660 0.000001
0.790532 0.143104 0.036629 0.014728 0.000051 0.014954 0.000002
0.791799 0.142264 0.036418 0.014601 0.000051 0.014864 0.000001
0.788230 0.144606 0.037068 0.014918 0.000049 0.015127 0.000002
0.787660 0.145057 0.037153 0.014967 0.000051 0.015111 0.000002
0.784937 0.146714 0.037689 0.015163 0.000051 0.015444 0.000001
0.784821 0.146727 0.037719 0.015195 0.000052 0.015485 0.000001
0.784225 0.146930 0.037876 0.015288 0.000050 0.015629 0.000001
0.781854 0.148359 0.038406 0.015507 0.000054 0.015818 0.000002
0.779807 0.149840 0.038719 0.015652 0.000050 0.015931 0.000002
0.779526 0.150014 0.038759 0.015642 0.000056 0.016002 0.000002
0.777207 0.151272 0.039323 0.015892 0.000055 0.016250 0.000002
0.773770 0.153502 0.039976 0.016182 0.000055 0.016513 0.000001
0.776191 0.152077 0.039442 0.015934 0.000056 0.016297 0.000002
0.774809 0.152762 0.039778 0.016120 0.000056 0.016473 0.000002
