0.999765 0.000192 0.000033 0.000010 0.000000 0.000000 0.000000
0.999699 0.000224 0.000030 0.000007 0.000000 0.000040 0.000000
0.999587 0.000321 0.000048 0.000015 0.000000 0.000029 0.000000
0.999499 0.000388 0.000061 0.000018 0.000000 0.000034 0.000000
0.999418 0.000444 0.000070 0.000022 0.000000 0.000045 0.000000
0.999323 0.000522 0.000084 0.000027 0.000000 0.000045 0.000000
0.999235 0.000588 0.000097 0.000032 0.000000 0.000048 0.000000
0.999148 0.000654 0.000111 0.000036 0.000000 0.000052 0.000000
0.999064 0.000713 0.000125 0.000041 0.000000 0.000056 0.000000
0.998973 0.000784 0.000136 0.000047 0.000000 0.000059 0.000000
0.998892 0.000843 0.000149 0.000052 0.000000 0.000064 0.000000
0.998802 0.000912 0.000161 0.000057 0.000000 0.000068 0.000000
0.998710 0.000987 0.000170 0.000061 0.000000 0.000072 0.000000
0.998626 0.001047 0.000187 0.000063 0.000000 0.000077 0.000000
0.998543 0.001104 0.000203 0.000070 0.000000 0.000081 0.000000
0.998460 0.001162 0.000215 0.000077 0.000000 0.000086 0.000000
0.998372 0.001230 0.000228 0.000081 0.000000 0.000089 0.000000
0.998281 0.001300 0.000241 0.000086 0.000000 0.000092 0.000000
0.998194 0.001365 0.000252 0.000091 0.000000 0.000097 0.000000
0.998107 0.001432 0.000265 0.000096 0.000000 0.000101 0.000000
0.998024 0.001488 0.000282 0.000101 0.000000 0.000105 0.000000
0.997937 0.001556 0.000293 0.000104 0.000000 0.000111 0.000000
0.997849 0.001624 0.000303 0.000108 0.000000 0.000115 0.000000
0.997760 0.001693 0.000310 0.000116 0.000000 0.000120 0.000000
0.997674 0.001757 0.000324 0.000121 0.000000 0.000124 0.000000
0.997586 0.001824 0.000337 0.000126 0.000000 0.000127 0.000000
0.997501 0.001884 0.000352 0.000133 0.000000 0.000130 0.000000
0.997414 0.001949 0.000364 0.000141 0.000000 0.000132 0.000000
0.997325 0.002020 0.000374 0.000145 0.000000 0.000137 0.000000
0.997239 0.002086 0.000382 0.000151 0.000000 0.000143 0.000000
0.997156 0.002143 0.000395 0.000157 0.000000 0.000148 0.000000
0.997067 0.002213 0.000404 0.000164 0.000000 0.000153 0.000000
0.996980 0.002278 0.000418 0.000169 0.000000 0.000155 0.000000
0.996895 0.002339 0.000432 0.000174 0.000000 0.000160 0.000000
0.996808 0.002403 0.000444 0.000181 0.000000 0.000163 0.000000
0.996725 0.002461 0.000459 0.000188 0.000000 0.000167 0.000000
0.996636 0.002530 0.000472 0.000191 0.000000 0.000171 0.000000
0.996549 0.002597 0.000484 0.000197 0.000000 0.000174 0.000000
0.996461 0.002665 0.000493 0.000202 0.000000 0.000178 0.000000
0.996377 0.002727 0.000506 0.000206 0.000000 0.000184 0.000000
0.996292 0.002789 0.000519 0.000213 0.000000 0.000187 0.000000
0.996201 0.002862 0.000531 0.000215 0.000000 0.000191 0.000000
0.996114 0.002929 0.000543 0.000219 0.000000 0.000195 0.000000
0.996027 0.002995 0.000555 0.000224 0.000000 0.000199 0.000000
0.995942 0.003058 0.000568 0.000228 0.000000 0.000204 0.000000
0.995856 0.003123 0.000580 0.000230 0.000000 0.000211 0.000000
0.995766 0.003193 0.000591 0.000236 0.000000 0.000213 0.000000
0.995681 0.003255 0.000607 0.000240 0.000000 0.000217 0.000000
0.995597 0.003316 0.000620 0.000245 0.000000 0.000222 0.000000
0.995508 0.003385 0.000630 0.000251 0.000000 0.000226 0.000000
0.995422 0.003449 0.000641 0.000256 0.000000 0.000232 0.000000
0.995335 0.003515 0.000652 0.000259 0.000000 0.000238 0.000000
0.995244 0.003587 0.000665 0.000263 0.000000 0.000241 0.000000
0.995154 0.003658 0.000676 0.000267 0.000000 0.000245 0.000000
0.995070 0.003718 0.000690 0.000273 0.000000 0.000249 0.000000
0.994979 0.003791 0.000698 0.000278 0.000000 0.000254 0.000000
0.994892 0.003858 0.000710 0.000281 0.000000 0.000259 0.000000
0.994803 0.003929 0.000719 0.000286 0.000000 0.000263 0.000000
0.994718 0.003990 0.000731 0.000291 0.000000 0.000269 0.000000
0.994637 0.004043 0.000750 0.000297 0.000000 0.000272 0.000000
0.994553 0.004103 0.000766 0.000301 0.000000 0.000277 0.000000
0.994469 0.004166 0.000773 0.000307 0.000000 0.000285 0.000000
0.994383 0.004230 0.000786 0.000311 0.000000 0.000289 0.000000
0.994297 0.004296 0.000797 0.000315 0.000000 0.000295 0.000000
0.994209 0.004366 0.000806 0.000322 0.000000 0.000297 0.000000
0.994124 0.004426 0.000821 0.000327 0.000000 0.000302 0.000000
0.994040 0.004489 0.000833 0.000331 0.000000 0.000307 0.000000
0.993957 0.004548 0.000847 0.000336 0.000000 0.000312 0.000000
0.993872 0.004608 0.000862 0.000341 0.000000 0.000316 0.000000
0.993782 0.004678 0.000873 0.000347 0.000000 0.000320 0.000000
0.993701 0.004734 0.000886 0.000354 0.000000 0.000325 0.000000
0.993613 0.004799 0.000900 0.000362 0.000000 0.000327 0.000000
0.993528 0.004860 0.000913 0.000368 0.000000 0.000330 0.000000
0.993441 0.004925 0.000924 0.000374 0.000000 0.000335 0.000000
0.993355 0.004990 0.000934 0.000379 0.000000 0.000342 0.000000
0.993271 0.005052 0.000944 0.000386 0.000000 0.000346 0.000000
0.993187 0.005113 0.000958 0.000391 0.000000 0.000351 0.000000
0.993102 0.005172 0.000971 0.000400 0.000000 0.000354 0.000000
0.993021 0.005225 0.000990 0.000405 0.000000 0.000359 0.000000
0.992932 0.005294 0.001002 0.000409 0.000000 0.000362 0.000000
0.992843 0.005365 0.001012 0.000414 0.000000 0.000366 0.000000
0.992758 0.005428 0.001024 0.000419 0.000000 0.000371 0.000000
0.992673 0.005489 0.001037 0.000423 0.000000 0.000377 0.000000
0.992589 0.005550 0.001051 0.000428 0.000000 0.000381 0.000000
0.992506 0.005611 0.001061 0.000434 0.000000 0.000388 0.000000
0.992419 0.005675 0.001074 0.000439 0.000000 0.000392 0.000000
0.992338 0.005733 0.001086 0.000444 0.000000 0.000400 0.000000
0.992253 0.005793 0.001097 0.000451 0.000000 0.000405 0.000000
0.992168 0.005855 0.001110 0.000459 0.000000 0.000408 0.000000
0.992079 0.005924 0.001121 0.000464 0.000000 0.000411 0.000000
0.991992 0.005990 0.001131 0.000469 0.000001 0.000416 0.000000
0.991907 0.006055 0.001144 0.000472 0.000001 0.000421 0.000000
0.991821 0.006119 0.001158 0.000478 0.000001 0.000425 0.000000
0.991732 0.006187 0.001168 0.000481 0.000001 0.000431 0.000000
0.991649 0.006247 0.001183 0.000487 0.000001 0.000435 0.000000
0.991564 0.006310 0.001193 0.000493 0.000001 0.000440 0.000000
0.991480 0.006372 0.001205 0.000497 0.000001 0.000446 0.000000
0.991395 0.006435 0.001220 0.000501 0.000001 0.000450 0.000000
0.991309 0.006500 0.001232 0.000504 0.000001 0.000455 0.000000
0.991225 0.006562 0.001245 0.000507 0.000001 0.000460 0.000000
0.991141 0.006620 0.001259 0.000515 0.000001 0.000464 0.000000
0.991057 0.006683 0.001267 0.000521 0.000001 0.000471 0.000000
0.990969 0.006748 0.001282 0.000526 0.000001 0.000474 0.000000
0.990884 0.006812 0.001294 0.000533 0.000001 0.000477 0.000000
0.990796 0.006877 0.001308 0.000537 0.000001 0.000480 0.000000
0.990710 0.006941 0.001320 0.000544 0.000001 0.000484 0.000000
0.990624 0.007006 0.001332 0.000548 0.000001 0.000489 0.000000
0.990540 0.007066 0.001345 0.000554 0.000001 0.000494 0.000000
0.990453 0.007134 0.001355 0.000559 0.000001 0.000499 0.000000
0.990367 0.007200 0.001365 0.000562 0.000001 0.000505 0.000000
0.990283 0.007261 0.001375 0.000570 0.000001 0.000510 0.000000
0.990202 0.007316 0.001389 0.000576 0.000001 0.000516 0.000000
0.990116 0.007378 0.001402 0.000582 0.000001 0.000519 0.000000
0.990030 0.007442 0.001415 0.000587 0.000001 0.000524 0.000000
0.989947 0.007500 0.001429 0.000593 0.000001 0.000529 0.000000
0.989861 0.007564 0.001441 0.000599 0.000001 0.000534 0.000000
0.989779 0.007622 0.001455 0.000605 0.000001 0.000538 0.000000
0.989693 0.007685 0.001464 0.000613 0.000001 0.000543 0.000000
0.989608 0.007748 0.001480 0.000616 0.000001 0.000546 0.000000
0.989518 0.007818 0.001491 0.000622 0.000001 0.000550 0.000000
0.989439 0.007866 0.001513 0.000628 0.000001 0.000553 0.000000
0.989354 0.007925 0.001530 0.000634 0.000001 0.000555 0.000000
0.989268 0.007988 0.001544 0.000638 0.000001 0.000560 0.000000
0.989184 0.008048 0.001558 0.000644 0.000001 0.000564 0.000000
0.989102 0.008105 0.001574 0.000649 0.000001 0.000569 0.000000
0.989019 0.008164 0.001589 0.000655 0.000001 0.000572 0.000000
0.988931 0.008232 0.001600 0.000660 0.000001 0.000575 0.000000
0.988846 0.008294 0.001613 0.000667 0.000001 0.000579 0.000000
0.988761 0.008355 0.001625 0.000674 0.000001 0.000584 0.000000
0.988674 0.008424 0.001634 0.000678 0.000001 0.000589 0.000000
0.988589 0.008486 0.001646 0.000684 0.000001 0.000594 0.000000
0.988510 0.008537 0.001663 0.000691 0.000001 0.000598 0.000000
0.988429 0.008590 0.001680 0.000697 0.000001 0.000603 0.000000
0.988346 0.008649 0.001694 0.000701 0.000001 0.000609 0.000000
0.988263 0.008706 0.001706 0.000709 0.000001 0.000614 0.000000
0.988176 0.008771 0.001722 0.000713 0.000001 0.000616 0.000000
0.988087 0.008840 0.001732 0.000719 0.000001 0.000621 0.000000
0.988001 0.008906 0.001742 0.000725 0.000001 0.000625 0.000000
0.987914 0.008972 0.001755 0.000730 0.000001 0.000628 0.000000
0.987825 0.009040 0.001765 0.000736 0.000001 0.000632 0.000000
0.987739 0.009105 0.001777 0.000741 0.000001 0.000637 0.000000
0.987656 0.009161 0.001792 0.000749 0.000001 0.000640 0.000000
0.987575 0.009215 0.001808 0.000755 0.000001 0.000645 0.000000
0.987494 0.009269 0.001821 0.000766 0.000001 0.000649 0.000000
0.987407 0.009335 0.001833 0.000770 0.000001 0.000654 0.000000
0.987320 0.009401 0.001845 0.000776 0.000001 0.000657 0.000000
0.987232 0.009467 0.001857 0.000784 0.000001 0.000659 0.000000
0.987146 0.009533 0.001868 0.000787 0.000001 0.000665 0.000000
0.987059 0.009597 0.001884 0.000791 0.000001 0.000667 0.000000
0.986972 0.009662 0.001897 0.000796 0.000001 0.000672 0.000000
0.986886 0.009724 0.001911 0.000804 0.000001 0.000674 0.000000
0.986802 0.009784 0.001923 0.000810 0.000001 0.000679 0.000000
0.986719 0.009844 0.001936 0.000815 0.000001 0.000685 0.000000
0.986630 0.009913 0.001948 0.000820 0.000001 0.000688 0.000000
0.986542 0.009981 0.001962 0.000822 0.000001 0.000692 0.000000
0.986455 0.010048 0.001972 0.000827 0.000001 0.000697 0.000000
0.986369 0.010110 0.001984 0.000834 0.000001 0.000701 0.000000
0.986282 0.010176 0.001999 0.000839 0.000001 0.000704 0.000000
0.986196 0.010237 0.002014 0.000844 0.000001 0.000707 0.000000
0.986108 0.010304 0.002027 0.000849 0.000001 0.000711 0.000000
0.986021 0.010371 0.002038 0.000853 0.000001 0.000716 0.000000
0.985932 0.010441 0.002050 0.000857 0.000001 0.000719 0.000000
0.985842 0.010512 0.002062 0.000861 0.000001 0.000722 0.000000
0.985753 0.010580 0.002071 0.000868 0.000001 0.000726 0.000000
0.985665 0.010647 0.002083 0.000873 0.000001 0.000730 0.000000
0.985580 0.010710 0.002096 0.000878 0.000001 0.000735 0.000000
0.985495 0.010773 0.002110 0.000883 0.000001 0.000738 0.000000
0.985406 0.010844 0.002119 0.000887 0.000001 0.000742 0.000000
0.985326 0.010899 0.002130 0.000895 0.000001 0.000750 0.000000
0.985239 0.010964 0.002144 0.000899 0.000001 0.000753 0.000000
0.985156 0.011022 0.002156 0.000907 0.000001 0.000758 0.000000
0.985067 0.011090 0.002166 0.000913 0.000001 0.000763 0.000000
0.984985 0.011148 0.002184 0.000916 0.000001 0.000766 0.000000
0.984897 0.011214 0.002198 0.000922 0.000001 0.000769 0.000000
0.984810 0.011279 0.002208 0.000929 0.000001 0.000773 0.000000
0.984728 0.011337 0.002220 0.000935 0.000001 0.000779 0.000000
0.984639 0.011404 0.002235 0.000939 0.000001 0.000782 0.000000
0.984552 0.011470 0.002247 0.000942 0.000001 0.000787 0.000000
0.984468 0.011532 0.002258 0.000948 0.000001 0.000793 0.000000
0.984382 0.011595 0.002271 0.000953 0.000001 0.000797 0.000000
0.984299 0.011653 0.002288 0.000957 0.000001 0.000802 0.000000
0.984213 0.011716 0.002301 0.000963 0.000001 0.000806 0.000000
0.984127 0.011781 0.002314 0.000967 0.000001 0.000809 0.000000
0.984041 0.011846 0.002324 0.000973 0.000001 0.000814 0.000000
0.983955 0.011910 0.002336 0.000978 0.000001 0.000820 0.000000
0.983868 0.011977 0.002349 0.000981 0.000001 0.000825 0.000000
0.983780 0.012044 0.002361 0.000986 0.000001 0.000829 0.000000
0.983694 0.012105 0.002376 0.000992 0.000001 0.000831 0.000000
0.983609 0.012169 0.002387 0.000998 0.000001 0.000836 0.000000
0.983523 0.012231 0.002403 0.001001 0.000001 0.000840 0.000000
0.983438 0.012293 0.002417 0.001007 0.000001 0.000844 0.000000
0.983350 0.012360 0.002430 0.001012 0.000001 0.000847 0.000000
0.983262 0.012428 0.002441 0.001017 0.000001 0.000852 0.000000
0.983173 0.012495 0.002454 0.001023 0.000001 0.000854 0.000000
0.983089 0.012554 0.002470 0.001027 0.000001 0.000859 0.000000
0.983002 0.012622 0.002482 0.001031 0.000001 0.000862 0.000000
0.982915 0.012686 0.002497 0.001034 0.000001 0.000867 0.000000
0.982830 0.012746 0.002512 0.001042 0.000001 0.000869 0.000000
0.982750 0.012800 0.002527 0.001047 0.000001 0.000874 0.000000
0.982664 0.012863 0.002542 0.001052 0.000001 0.000878 0.000000
0.982579 0.012922 0.002557 0.001058 0.000001 0.000882 0.000000
0.982495 0.012983 0.002568 0.001064 0.000001 0.000887 0.000000
0.982409 0.013045 0.002584 0.001069 0.000001 0.000891 0.000000
0.982321 0.013115 0.002595 0.001071 0.000001 0.000897 0.000000
0.982237 0.013175 0.002609 0.001077 0.000001 0.000900 0.000000
0.982151 0.013240 0.002621 0.001083 0.000001 0.000904 0.000000
0.982068 0.013297 0.002636 0.001087 0.000001 0.000910 0.000000
0.981986 0.013357 0.002648 0.001091 0.000001 0.000917 0.000000
0.981897 0.013428 0.002657 0.001094 0.000001 0.000923 0.000000
0.981811 0.013491 0.002670 0.001099 0.000001 0.000928 0.000000
0.981723 0.013556 0.002685 0.001104 0.000001 0.000930 0.000000
0.981636 0.013623 0.002698 0.001109 0.000001 0.000934 0.000000
0.981550 0.013686 0.002711 0.001114 0.000001 0.000938 0.000000
0.981463 0.013754 0.002722 0.001118 0.000001 0.000943 0.000000
0.981380 0.013814 0.002734 0.001123 0.000001 0.000948 0.000000
0.981289 0.013886 0.002746 0.001127 0.000001 0.000950 0.000000
0.981201 0.013952 0.002759 0.001134 0.000001 0.000954 0.000000
0.981113 0.014020 0.002770 0.001138 0.000001 0.000958 0.000000
0.981029 0.014080 0.002782 0.001145 0.000001 0.000962 0.000000
0.980943 0.014144 0.002793 0.001150 0.000001 0.000968 0.000000
0.980859 0.014206 0.002805 0.001156 0.000001 0.000973 0.000000
0.980773 0.014269 0.002818 0.001160 0.000002 0.000978 0.000000
0.980694 0.014320 0.002837 0.001165 0.000002 0.000983 0.000000
0.980606 0.014387 0.002848 0.001171 0.000002 0.000987 0.000000
0.980522 0.014447 0.002859 0.001179 0.000002 0.000992 0.000000
0.980437 0.014510 0.002868 0.001187 0.000002 0.000996 0.000000
0.980352 0.014571 0.002880 0.001194 0.000002 0.001001 0.000000
0.980268 0.014630 0.002897 0.001197 0.000002 0.001005 0.000000
0.980183 0.014693 0.002912 0.001200 0.000002 0.001011 0.000000
0.980097 0.014755 0.002924 0.001207 0.000002 0.001015 0.000000
0.980013 0.014818 0.002937 0.001212 0.000002 0.001019 0.000000
0.979925 0.014884 0.002952 0.001215 0.000002 0.001022 0.000000
0.979843 0.014940 0.002966 0.001221 0.000002 0.001028 0.000000
0.979759 0.015003 0.002975 0.001228 0.000002 0.001033 0.000000
0.979669 0.015074 0.002985 0.001235 0.000002 0.001035 0.000000
0.979585 0.015136 0.002998 0.001238 0.000002 0.001042 0.000000
0.979498 0.015202 0.003010 0.001243 0.000002 0.001046 0.000000
0.979416 0.015259 0.003025 0.001247 0.000002 0.001051 0.000000
0.979331 0.015321 0.003040 0.001251 0.000002 0.001055 0.000000
0.979243 0.015389 0.003051 0.001256 0.000002 0.001060 0.000000
0.979158 0.015451 0.003062 0.001261 0.000002 0.001066 0.000000
0.979073 0.015515 0.003073 0.001265 0.000002 0.001072 0.000000
0.978990 0.015572 0.003087 0.001273 0.000002 0.001077 0.000000
0.978902 0.015641 0.003097 0.001276 0.000002 0.001083 0.000000
0.978820 0.015696 0.003111 0.001283 0.000002 0.001087 0.000000
0.978733 0.015762 0.003125 0.001287 0.000002 0.001092 0.000000
0.978645 0.015828 0.003137 0.001293 0.000002 0.001095 0.000000
0.978563 0.015884 0.003152 0.001300 0.000002 0.001100 0.000000
0.978479 0.015944 0.003164 0.001306 0.000002 0.001105 0.000000
0.978388 0.016014 0.003176 0.001313 0.000002 0.001107 0.000000
0.978307 0.016070 0.003188 0.001319 0.000002 0.001113 0.000000
0.978226 0.016125 0.003205 0.001324 0.000002 0.001118 0.000000
0.978138 0.016193 0.003216 0.001330 0.000002 0.001121 0.000000
0.978054 0.016252 0.003231 0.001334 0.000002 0.001126 0.000000
0.977966 0.016322 0.003239 0.001339 0.000002 0.001132 0.000000
0.977883 0.016381 0.003252 0.001344 0.000002 0.001137 0.000000
0.977797 0.016446 0.003262 0.001350 0.000002 0.001142 0.000000
0.977712 0.016509 0.003276 0.001355 0.000002 0.001146 0.000000
0.977627 0.016570 0.003291 0.001359 0.000002 0.001151 0.000000
0.977542 0.016632 0.003306 0.001363 0.000002 0.001155 0.000000
0.977451 0.016704 0.003319 0.001365 0.000002 0.001159 0.000000
0.977368 0.016765 0.003331 0.001370 0.000002 0.001165 0.000000
0.977281 0.016830 0.003342 0.001375 0.000003 0.001169 0.000000
0.977200 0.016886 0.003355 0.001382 0.000003 0.001173 0.000000
0.977109 0.016960 0.003366 0.001385 0.000003 0.001177 0.000000
0.977023 0.017025 0.003377 0.001390 0.000003 0.001183 0.000000
0.976940 0.017084 0.003387 0.001395 0.000003 0.001190 0.000000
0.976857 0.017141 0.003405 0.001400 0.000003 0.001194 0.000000
0.976771 0.017205 0.003418 0.001405 0.000003 0.001198 0.000000
0.976685 0.017267 0.003434 0.001410 0.000003 0.001201 0.000000
0.976601 0.017328 0.003445 0.001418 0.000003 0.001205 0.000000
0.976517 0.017389 0.003458 0.001422 0.000003 0.001211 0.000000
0.976428 0.017461 0.003464 0.001426 0.000003 0.001218 0.000000
0.976340 0.017528 0.003478 0.001431 0.000003 0.001221 0.000000
0.976255 0.017592 0.003488 0.001434 0.000003 0.001228 0.000000
0.976171 0.017654 0.003500 0.001440 0.000003 0.001234 0.000000
0.976085 0.017716 0.003515 0.001445 0.000003 0.001237 0.000000
0.976003 0.017771 0.003531 0.001451 0.000003 0.001242 0.000000
0.975919 0.017830 0.003546 0.001457 0.000003 0.001246 0.000000
0.975832 0.017896 0.003559 0.001461 0.000003 0.001250 0.000000
0.975746 0.017958 0.003574 0.001465 0.000003 0.001255 0.000000
0.975663 0.018018 0.003586 0.001473 0.000003 0.001259 0.000000
0.975575 0.018087 0.003595 0.001474 0.000003 0.001267 0.000000
0.975487 0.018154 0.003608 0.001478 0.000003 0.001271 0.000000
0.975401 0.018217 0.003621 0.001483 0.000003 0.001275 0.000000
0.975315 0.018282 0.003634 0.001489 0.000003 0.001278 0.000000
0.975230 0.018344 0.003645 0.001496 0.000003 0.001284 0.000000
0.975148 0.018401 0.003658 0.001504 0.000003 0.001288 0.000000
0.975053 0.018470 0.003670 0.001510 0.000002 0.001296 0.000000
0.974955 0.018542 0.003683 0.001517 0.000002 0.001301 0.000000
0.974857 0.018614 0.003697 0.001525 0.000002 0.001304 0.000000
0.974785 0.018669 0.003709 0.001527 0.000002 0.001308 0.000000
0.974608 0.018812 0.003721 0.001540 0.000002 0.001317 0.000000
0.974574 0.018833 0.003733 0.001538 0.000002 0.001320 0.000000
0.974464 0.018920 0.003744 0.001543 0.000003 0.001326 0.000000
0.974375 0.018988 0.003760 0.001546 0.000003 0.001327 0.000000
0.974133 0.019180 0.003779 0.001568 0.000003 0.001337 0.000000
0.974170 0.019140 0.003791 0.001560 0.000003 0.001336 0.000000
0.974022 0.019258 0.003810 0.001566 0.000003 0.001341 0.000000
0.974004 0.019261 0.003824 0.001566 0.000003 0.001342 0.000000
0.973919 0.019322 0.003830 0.001575 0.000003 0.001351 0.000000
0.973622 0.019557 0.003865 0.001593 0.000003 0.001358 0.000000
0.973768 0.019431 0.003857 0.001583 0.000003 0.001357 0.000000
0.973558 0.019598 0.003884 0.001593 0.000003 0.001363 0.000000
0.973360 0.019755 0.003906 0.001607 0.000003 0.001369 0.000000
0.973352 0.019748 0.003914 0.001608 0.000003 0.001375 0.000000
0.973192 0.019882 0.003926 0.001614 0.000003 0.001383 0.000000
0.972930 0.020095 0.003949 0.001627 0.000003 0.001396 0.000000
0.973054 0.019971 0.003958 0.001620 0.000003 0.001394 0.000000
0.972847 0.020130 0.003993 0.001629 0.000003 0.001398 0.000000
0.972790 0.020188 0.003979 0.001633 0.000003 0.001407 0.000000
0.972614 0.020313 0.004016 0.001644 0.000003 0.001410 0.000000
0.972579 0.020338 0.004027 0.001640 0.000003 0.001413 0.000000
0.972628 0.020270 0.004045 0.001641 0.000003 0.001413 0.000000
0.972663 0.020247 0.004027 0.001645 0.000003 0.001415 0.000000
0.972432 0.020426 0.004057 0.001653 0.000003 0.001429 0.000000
0.971999 0.020771 0.004106 0.001674 0.000003 0.001447 0.000000
0.971740 0.020958 0.004155 0.001692 0.000003 0.001451 0.000000
0.971840 0.020884 0.004125 0.001692 0.000003 0.001455 0.000000
0.971747 0.020945 0.004173 0.001679 0.000003 0.001453 0.000000
0.971828 0.020876 0.004152 0.001686 0.000003 0.001455 0.000000
0.971481 0.021154 0.004198 0.001701 0.000003 0.001463 0.000000
0.971939 0.020773 0.004143 0.001683 0.000003 0.001459 0.000000
0.971454 0.021155 0.004212 0.001706 0.000003 0.001470 0.000000
0.971278 0.021283 0.004244 0.001714 0.000003 0.001478 0.000000
0.971031 0.021469 0.004266 0.001742 0.000003 0.001489 0.000000
0.971272 0.021268 0.004252 0.001721 0.000003 0.001484 0.000000
0.971038 0.021448 0.004277 0.001741 0.000003 0.001492 0.000000
0.970945 0.021509 0.004288 0.001756 0.000003 0.001498 0.000000
0.970803 0.021608 0.004312 0.001767 0.000003 0.001507 0.000000
0.970638 0.021729 0.004363 0.001757 0.000003 0.001510 0.000000
0.970673 0.021714 0.004349 0.001757 0.000003 0.001503 0.000000
0.970362 0.021943 0.004381 0.001800 0.000003 0.001511 0.000000
0.970169 0.022087 0.004410 0.001806 0.000003 0.001525 0.000000
0.970397 0.021910 0.004385 0.001781 0.000003 0.001523 0.000000
0.970071 0.022160 0.004437 0.001805 0.000003 0.001525 0.000000
0.969722 0.022397 0.004487 0.001835 0.000003 0.001556 0.000000
0.969944 0.022223 0.004470 0.001808 0.000003 0.001551 0.000000
0.969769 0.022365 0.004483 0.001828 0.000003 0.001552 0.000000
0.969632 0.022463 0.004503 0.001840 0.000003 0.001559 0.000000
0.969560 0.022526 0.004503 0.001837 0.000003 0.001571 0.000000
0.969504 0.022556 0.004527 0.001838 0.000003 0.001572 0.000000
0.969199 0.022785 0.004578 0.001841 0.000003 0.001594 0.000000
0.969445 0.022580 0.004544 0.001838 0.000003 0.001590 0.000000
0.969520 0.022533 0.004531 0.001839 0.000003 0.001574 0.000000
0.968671 0.023146 0.004660 0.001896 0.000003 0.001623 0.000000
0.968811 0.023042 0.004642 0.001880 0.000004 0.001620 0.000000
0.968787 0.023052 0.004634 0.001904 0.000005 0.001617 0.000000
0.968185 0.023492 0.004741 0.001932 0.000005 0.001645 0.000000
0.968542 0.023241 0.004683 0.001909 0.000005 0.001620 0.000000
0.968148 0.023510 0.004753 0.001949 0.000004 0.001636 0.000000
0.968017 0.023595 0.004782 0.001951 0.000005 0.001651 0.000000
0.968056 0.023586 0.004772 0.001941 0.000005 0.001640 0.000000
0.967686 0.023839 0.004831 0.001971 0.000004 0.001669 0.000000
0.967496 0.023993 0.004851 0.001987 0.000005 0.001669 0.000000
0.967641 0.023882 0.004833 0.001972 0.000004 0.001668 0.000000
0.967163 0.024238 0.004916 0.001997 0.000004 0.001682 0.000000
0.967446 0.024040 0.004847 0.001976 0.000005 0.001686 0.000000
0.967597 0.023958 0.004820 0.001958 0.000005 0.001662 0.000000
0.966851 0.024488 0.004964 0.002001 0.000006 0.001691 0.000000
0.966515 0.024714 0.005012 0.002043 0.000005 0.001710 0.000000
0.966043 0.025068 0.005080 0.002057 0.000007 0.001744 0.000000
0.965525 0.025446 0.005137 0.002106 0.000009 0.001776 0.000000
0.966035 0.025087 0.005061 0.002078 0.000005 0.001735 0.000000
0.966046 0.025078 0.005044 0.002068 0.000005 0.001759 0.000000
0.965707 0.025336 0.005088 0.002083 0.000007 0.001778 0.000000
0.965451 0.025496 0.005139 0.002122 0.000007 0.001785 0.000000
0.965975 0.025145 0.005031 0.002075 0.000005 0.001769 0.000000
0.965291 0.025639 0.005140 0.002126 0.000005 0.001800 0.000000
0.964646 0.026118 0.005209 0.002174 0.000006 0.001847 0.000000
0.965565 0.025433 0.005101 0.002097 0.000006 0.001799 0.000000
0.964348 0.026334 0.005294 0.002176 0.000006 0.001843 0.000000
0.964637 0.026174 0.005238 0.002137 0.000006 0.001807 0.000000
0.963811 0.026812 0.005335 0.002180 0.000006 0.001857 0.000000
0.963626 0.026922 0.005374 0.002203 0.000006 0.001869 0.000000
0.964312 0.026429 0.005255 0.002162 0.000005 0.001837 0.000000
0.962859 0.027446 0.005509 0.002260 0.000006 0.001920 0.000000
0.962643 0.027619 0.005526 0.002269 0.000006 0.001936 0.000000
0.962424 0.027826 0.005572 0.002261 0.000006 0.001911 0.000000
0.962797 0.027507 0.005535 0.002235 0.000006 0.001921 0.000000
0.962244 0.027907 0.005623 0.002276 0.000005 0.001944 0.000000
0.961817 0.028161 0.005678 0.002327 0.000008 0.002010 0.000000
0.961488 0.028455 0.005750 0.002319 0.000007 0.001981 0.000000
0.961082 0.028729 0.005782 0.002379 0.000008 0.002020 0.000000
0.960731 0.029017 0.005805 0.002409 0.000008 0.002030 0.000000
0.960942 0.028839 0.005792 0.002393 0.000007 0.002028 0.000000
0.961321 0.028541 0.005777 0.002359 0.000006 0.001995 0.000000
0.961034 0.028750 0.005814 0.002386 0.000007 0.002009 0.000000
0.960188 0.029377 0.005913 0.002451 0.000007 0.002064 0.000000
0.960112 0.029379 0.005951 0.002471 0.000009 0.002078 0.000000
0.959424 0.029928 0.006084 0.002475 0.000008 0.002081 0.000000
0.959559 0.029836 0.006036 0.002474 0.000007 0.002088 0.000000
0.960052 0.029485 0.005952 0.002438 0.000007 0.002067 0.000000
0.958441 0.030644 0.006235 0.002530 0.000008 0.002142 0.000000
0.959311 0.030007 0.006090 0.002484 0.000008 0.002101 0.000000
0.957602 0.031228 0.006349 0.002591 0.000008 0.002222 0.000000
0.958439 0.030661 0.006209 0.002546 0.000006 0.002139 0.000000
0.958434 0.030681 0.006174 0.002539 0.000008 0.002163 0.000000
0.956837 0.031867 0.006433 0.002627 0.000007 0.002230 0.000000
0.956994 0.031729 0.006377 0.002636 0.000009 0.002256 0.000000
0.956660 0.031944 0.006438 0.002674 0.000007 0.002276 0.000000
0.957182 0.031610 0.006379 0.002616 0.000008 0.002206 0.000000
0.956353 0.032134 0.006527 0.002700 0.000008 0.002278 0.000000
0.956166 0.032267 0.006561 0.002727 0.000008 0.002272 0.000000
0.956013 0.032425 0.006567 0.002717 0.000007 0.002271 0.000000
0.955741 0.032594 0.006598 0.002761 0.000007 0.002298 0.000000
0.954389 0.033595 0.006758 0.002837 0.000008 0.002412 0.000000
0.954593 0.033436 0.006761 0.002843 0.000007 0.002360 0.000000
0.954065 0.033851 0.006834 0.002848 0.000007 0.002395 0.000000
0.953121 0.034514 0.006972 0.002952 0.000008 0.002433 0.000000
0.953231 0.034370 0.006987 0.002921 0.000006 0.002485 0.000000
0.953365 0.034329 0.006951 0.002879 0.000007 0.002468 0.000000
0.953791 0.034041 0.006904 0.002846 0.000006 0.002412 0.000000
0.951498 0.035715 0.007220 0.003000 0.000008 0.002560 0.000000
0.951008 0.036074 0.007290 0.003031 0.000008 0.002588 0.000000
0.951349 0.035862 0.007230 0.003005 0.000008 0.002546 0.000000
0.952370 0.035014 0.007160 0.002946 0.000006 0.002503 0.000000
0.952418 0.035051 0.007078 0.002959 0.000006 0.002487 0.000000
0.950663 0.036238 0.007409 0.003109 0.000008 0.002573 0.000000
0.950416 0.036437 0.007465 0.003105 0.000006 0.002570 0.000000
0.949483 0.037176 0.007531 0.003179 0.000008 0.002623 0.000000
0.950419 0.036447 0.007433 0.003126 0.000005 0.002570 0.000000
0.949778 0.036971 0.007557 0.003114 0.000007 0.002573 0.000000
0.948869 0.037554 0.007720 0.003212 0.000007 0.002637 0.000000
0.948134 0.038147 0.007778 0.003224 0.000007 0.002709 0.000000
0.946894 0.039039 0.007997 0.003318 0.000008 0.002745 0.000000
0.947019 0.038963 0.007965 0.003287 0.000009 0.002757 0.000000
0.947465 0.038593 0.007936 0.003275 0.000007 0.002724 0.000000
0.945257 0.040197 0.008274 0.003405 0.000009 0.002857 0.000000
0.945996 0.039749 0.008115 0.003317 0.000006 0.002817 0.000000
0.944796 0.040539 0.008343 0.003413 0.000008 0.002900 0.000000
0.944482 0.040780 0.008380 0.003449 0.000007 0.002902 0.000000
0.942688 0.042048 0.008691 0.003552 0.000009 0.003013 0.000000
0.944978 0.040398 0.008337 0.003397 0.000008 0.002883 0.000000
0.942387 0.042202 0.008760 0.003595 0.000008 0.003048 0.000000
0.942846 0.041903 0.008661 0.003578 0.000009 0.003003 0.000000
0.942148 0.042407 0.008793 0.003610 0.000007 0.003036 0.000000
0.942474 0.042198 0.008705 0.003588 0.000009 0.003026 0.000000
0.942098 0.042518 0.008735 0.003615 0.000007 0.003028 0.000000
0.940506 0.043571 0.009036 0.003706 0.000006 0.003175 0.000000
0.940217 0.043781 0.009064 0.003767 0.000008 0.003162 0.000000
0.940440 0.043719 0.009004 0.003681 0.000008 0.003148 0.000000
0.939655 0.044225 0.009081 0.003811 0.000008 0.003220 0.000000
0.939401 0.044530 0.009103 0.003766 0.000008 0.003192 0.000000
0.939649 0.044267 0.009121 0.003779 0.000007 0.003176 0.000000
0.937974 0.045490 0.009391 0.003849 0.000010 0.003287 0.000000
0.938150 0.045397 0.009300 0.003839 0.000010 0.003303 0.000000
0.937815 0.045504 0.009469 0.003907 0.000010 0.003296 0.000000
0.937401 0.045856 0.009544 0.003888 0.000008 0.003304 0.000000
0.936042 0.046834 0.009692 0.003991 0.000009 0.003432 0.000000
0.936741 0.046385 0.009617 0.003910 0.000009 0.003338 0.000000
0.933833 0.048505 0.010034 0.004118 0.000009 0.003502 0.000000
0.933655 0.048635 0.010119 0.004129 0.000009 0.003454 0.000000
0.933502 0.048717 0.010136 0.004145 0.000010 0.003490 0.000000
0.934402 0.048057 0.009985 0.004132 0.000007 0.003416 0.000000
0.932888 0.049225 0.010199 0.004164 0.000009 0.003515 0.000000
0.932452 0.049416 0.010316 0.004221 0.000009 0.003586 0.000000
0.931447 0.050244 0.010444 0.004249 0.000012 0.003604 0.000000
0.931473 0.050284 0.010397 0.004243 0.000014 0.003589 0.000000
0.931191 0.050413 0.010461 0.004297 0.000012 0.003627 0.000000
0.929476 0.051607 0.010807 0.004373 0.000011 0.003725 0.000000
0.928471 0.052402 0.010845 0.004437 0.000014 0.003831 0.000000
0.928068 0.052700 0.010954 0.004462 0.000012 0.003803 0.000000
0.930735 0.050700 0.010627 0.004274 0.000010 0.003654 0.000000
0.927419 0.053017 0.011113 0.004550 0.000013 0.003887 0.000000
0.927496 0.053007 0.011109 0.004517 0.000012 0.003859 0.000000
0.927730 0.052870 0.011048 0.004490 0.000012 0.003852 0.000000
0.926139 0.053973 0.011357 0.004618 0.000011 0.003902 0.000000
0.924387 0.055220 0.011633 0.004724 0.000012 0.004023 0.000000
0.924503 0.055204 0.011611 0.004649 0.000014 0.004019 0.000000
0.924383 0.055177 0.011630 0.004704 0.000010 0.004096 0.000000
0.924400 0.055233 0.011645 0.004683 0.000011 0.004028 0.000000
0.924258 0.055364 0.011631 0.004697 0.000011 0.004038 0.000000
0.921988 0.056913 0.012044 0.004865 0.000013 0.004176 0.000000
0.921718 0.057002 0.012127 0.004908 0.000011 0.004233 0.000000
0.921466 0.057210 0.012186 0.004914 0.000013 0.004211 0.000000
0.918756 0.059202 0.012543 0.005088 0.000013 0.004398 0.000000
0.920348 0.057889 0.012400 0.004997 0.000011 0.004355 0.000000
0.920487 0.057967 0.012305 0.004949 0.000012 0.004281 0.000000
0.917846 0.059798 0.012739 0.005170 0.000013 0.004434 0.000000
0.917335 0.060008 0.012855 0.005227 0.000012 0.004563 0.000000
0.916207 0.060990 0.012967 0.005259 0.000012 0.004566 0.000000
0.916591 0.060574 0.012971 0.005287 0.000012 0.004565 0.000000
0.916121 0.061011 0.013000 0.005299 0.000013 0.004556 0.000000
0.914668 0.061999 0.013229 0.005384 0.000014 0.004706 0.000000
0.916144 0.060929 0.013060 0.005295 0.000014 0.004557 0.000000
0.914561 0.062081 0.013267 0.005399 0.000015 0.004678 0.000000
0.913105 0.063154 0.013490 0.005461 0.000013 0.004777 0.000000
0.912329 0.063643 0.013621 0.005531 0.000015 0.004862 0.000000
0.911061 0.064550 0.013845 0.005602 0.000015 0.004927 0.000000
0.910603 0.064829 0.013912 0.005697 0.000014 0.004945 0.000000
0.909860 0.065414 0.014024 0.005692 0.000016 0.004994 0.000000
0.908293 0.066526 0.014282 0.005787 0.000018 0.005093 0.000000
0.909380 0.065796 0.014071 0.005697 0.000016 0.005040 0.000000
0.907374 0.067107 0.014447 0.005864 0.000018 0.005191 0.000000
0.906188 0.067973 0.014648 0.005928 0.000019 0.005243 0.000000
0.904519 0.069107 0.014957 0.006065 0.000019 0.005332 0.000000
0.903881 0.069574 0.015029 0.006086 0.000021 0.005410 0.000000
0.904041 0.069407 0.015056 0.006103 0.000020 0.005373 0.000000
0.903319 0.069871 0.015172 0.006177 0.000019 0.005444 0.000000
0.903946 0.069482 0.015010 0.006148 0.000019 0.005395 0.000000
0.904035 0.069452 0.015026 0.006089 0.000022 0.005377 0.000000
0.902041 0.070745 0.015461 0.006264 0.000017 0.005472 0.000000
0.901230 0.071301 0.015569 0.006303 0.000023 0.005573 0.000000
0.900516 0.071823 0.015666 0.006335 0.000020 0.005640 0.000000
0.899775 0.072331 0.015836 0.006390 0.000022 0.005647 0.000000
0.899194 0.072570 0.016004 0.006459 0.000023 0.005749 0.000000
0.897652 0.073730 0.016223 0.006544 0.000022 0.005830 0.000000
0.896115 0.074776 0.016462 0.006684 0.000023 0.005940 0.000000
0.895848 0.075006 0.016526 0.006677 0.000020 0.005923 0.000000
0.895506 0.075285 0.016560 0.006694 0.000021 0.005934 0.000000
0.893032 0.076899 0.017031 0.006882 0.000024 0.006132 0.000000
0.894025 0.076306 0.016804 0.006777 0.000022 0.006065 0.000000
0.893312 0.076711 0.016963 0.006878 0.000024 0.006111 0.000000
0.891634 0.077915 0.017210 0.007004 0.000021 0.006216 0.000000
0.891827 0.077749 0.017172 0.007019 0.000022 0.006212 0.000000
0.892188 0.077477 0.017141 0.006970 0.000020 0.006204 0.000000
0.892549 0.077204 0.017090 0.006927 0.000022 0.006207 0.000000
0.889688 0.079311 0.017571 0.007087 0.000024 0.006319 0.000000
0.890370 0.078732 0.017458 0.007086 0.000022 0.006332 0.000000
0.888514 0.079985 0.017754 0.007244 0.000022 0.006481 0.000000
0.887495 0.080773 0.017928 0.007320 0.000019 0.006465 0.000000
0.886484 0.081429 0.018114 0.007393 0.000020 0.006559 0.000000
0.884294 0.082930 0.018513 0.007548 0.000020 0.006696 0.000000
0.884033 0.083154 0.018497 0.007541 0.000024 0.006751 0.000000
0.882400 0.084319 0.018802 0.007597 0.000025 0.006857 0.000000
0.882317 0.084288 0.018874 0.007653 0.000022 0.006846 0.000000
0.881278 0.084909 0.019061 0.007760 0.000022 0.006970 0.000000
0.880394 0.085500 0.019195 0.007821 0.000023 0.007067 0.000000
0.878811 0.086629 0.019508 0.007880 0.000024 0.007149 0.000000
0.877585 0.087440 0.019697 0.007987 0.000022 0.007269 0.000000
0.879285 0.086348 0.019365 0.007869 0.000023 0.007109 0.000000
0.877005 0.088041 0.019733 0.008000 0.000025 0.007196 0.000000
0.875338 0.089061 0.020078 0.008115 0.000024 0.007383 0.000000
0.874065 0.089886 0.020275 0.008222 0.000022 0.007530 0.000000
0.872477 0.090988 0.020568 0.008345 0.000023 0.007599 0.000000
0.873119 0.090516 0.020491 0.008293 0.000023 0.007558 0.000000
0.871275 0.091769 0.020847 0.008408 0.000024 0.007677 0.000000
0.871756 0.091355 0.020767 0.008410 0.000024 0.007689 0.000000
0.871666 0.091443 0.020755 0.008425 0.000023 0.007687 0.000000
0.867740 0.093976 0.021534 0.008680 0.000025 0.008045 0.000000
0.867632 0.094049 0.021480 0.008737 0.000024 0.008078 0.000000
0.868912 0.093257 0.021245 0.008628 0.000025 0.007933 0.000000
0.866300 0.094976 0.021747 0.008803 0.000027 0.008147 0.000000
0.866397 0.094870 0.021701 0.008827 0.000027 0.008179 0.000000
0.861706 0.098239 0.022457 0.009133 0.000025 0.008439 0.000000
0.861198 0.098402 0.022619 0.009194 0.000025 0.008563 0.000000
0.862961 0.097264 0.022295 0.009052 0.000025 0.008403 0.000000
0.860899 0.098603 0.022710 0.009189 0.000026 0.008573 0.000000
0.862423 0.097672 0.022389 0.009084 0.000028 0.008404 0.000000
0.861136 0.098530 0.022622 0.009200 0.000025 0.008488 0.000000
0.859931 0.099270 0.022862 0.009269 0.000027 0.008641 0.000000
0.858168 0.100447 0.023213 0.009391 0.000027 0.008754 0.000000
0.858158 0.100471 0.023177 0.009394 0.000027 0.008774 0.000000
0.855633 0.102126 0.023662 0.009595 0.000026 0.008958 0.000000
0.854073 0.103100 0.023950 0.009706 0.000027 0.009144 0.000000
0.853610 0.103394 0.024077 0.009745 0.000031 0.009143 0.000000
0.850998 0.105276 0.024502 0.009909 0.000028 0.009285 0.000000
0.848494 0.106908 0.024954 0.010106 0.000030 0.009509 0.000000
0.853423 0.103533 0.024088 0.009774 0.000028 0.009155 0.000000
0.852101 0.104550 0.024280 0.009854 0.000028 0.009187 0.000000
0.849807 0.105928 0.024791 0.010009 0.000029 0.009436 0.000000
0.847236 0.107761 0.025205 0.010202 0.000026 0.009570 0.000000
0.846259 0.108232 0.025492 0.010274 0.000030 0.009713 0.000000
0.846029 0.108454 0.025512 0.010296 0.000032 0.009677 0.000000
0.843034 0.110455 0.026042 0.010511 0.000032 0.009926 0.000000
0.842195 0.111063 0.026186 0.010570 0.000030 0.009956 0.000000
0.842569 0.110729 0.026160 0.010564 0.000031 0.009947 0.000000
0.841597 0.111369 0.026310 0.010655 0.000031 0.010038 0.000000
0.840161 0.112197 0.026593 0.010775 0.000033 0.010242 0.000000
0.838186 0.113659 0.026896 0.010877 0.000033 0.010350 0.000000
0.836774 0.114494 0.027201 0.011005 0.000033 0.010494 0.000000
0.838660 0.113204 0.026920 0.010867 0.000032 0.010316 0.000000
0.837061 0.114256 0.027223 0.010991 0.000034 0.010436 0.000000
0.839416 0.112655 0.026752 0.010847 0.000032 0.010297 0.000000
0.834080 0.116227 0.027743 0.011271 0.000032 0.010647 0.000000
0.832935 0.116862 0.028036 0.011361 0.000033 0.010773 0.000000
0.833369 0.116552 0.027968 0.011323 0.000034 0.010755 0.000000
0.829449 0.119150 0.028595 0.011622 0.000035 0.011148 0.000000
0.829095 0.119414 0.028761 0.011626 0.000032 0.011072 0.000000
0.831603 0.117753 0.028249 0.011457 0.000034 0.010903 0.000000
0.828672 0.119715 0.028784 0.011676 0.000033 0.011120 0.000000
0.828867 0.119657 0.028729 0.011598 0.000034 0.011114 0.000000
0.827009 0.120772 0.029082 0.011772 0.000035 0.011331 0.000000
0.826520 0.121008 0.029175 0.011870 0.000034 0.011393 0.000000
0.822671 0.123387 0.030014 0.012140 0.000037 0.011751 0.000000
0.824526 0.122304 0.029622 0.011981 0.000036 0.011531 0.000000
0.822489 0.123617 0.030025 0.012132 0.000039 0.011699 0.000000
0.822888 0.123204 0.029992 0.012134 0.000035 0.011747 0.000000
0.819024 0.125666 0.030756 0.012462 0.000037 0.012054 0.000000
0.819124 0.125633 0.030712 0.012430 0.000036 0.012065 0.000000
0.818585 0.125860 0.030881 0.012556 0.000036 0.012082 0.000000
0.817669 0.126478 0.031070 0.012598 0.000037 0.012149 0.000000
0.816575 0.127153 0.031252 0.012707 0.000037 0.012275 0.000000
0.816304 0.127377 0.031263 0.012710 0.000039 0.012309 0.000000
0.813274 0.129292 0.031862 0.012930 0.000041 0.012601 0.000000
0.812660 0.129699 0.032044 0.012949 0.000039 0.012609 0.000000
0.814621 0.128388 0.031704 0.012807 0.000041 0.012438 0.000000
0.811970 0.130053 0.032240 0.012983 0.000040 0.012715 0.000000
0.810365 0.130980 0.032605 0.013118 0.000043 0.012888 0.000000
0.811023 0.130581 0.032478 0.013062 0.000043 0.012812 0.000000
0.806857 0.133168 0.033341 0.013403 0.000041 0.013191 0.000000
0.810223 0.131142 0.032598 0.013072 0.000041 0.012924 0.000000
0.805844 0.133869 0.033477 0.013455 0.000041 0.013314 0.000001
0.804387 0.134776 0.033833 0.013540 0.000042 0.013421 0.000001
0.803665 0.135202 0.033989 0.013632 0.000042 0.013469 0.000001
0.804619 0.134742 0.033706 0.013548 0.000046 0.013339 0.000001
0.799329 0.137826 0.034831 0.014031 0.000046 0.013936 0.000001
0.803367 0.135350 0.034036 0.013673 0.000043 0.013529 0.000001
0.798514 0.138411 0.034995 0.014033 0.000048 0.013997 0.000001
0.795716 0.140104 0.035518 0.014292 0.000046 0.014323 0.000001
0.797697 0.138925 0.035162 0.014071 0.000045 0.014098 0.000001
0.793032 0.142022 0.035991 0.014447 0.000046 0.014461 0.000001
0.795253 0.140360 0.035670 0.014307 0.000047 0.014362 0.000000
0.791254 0.142969 0.036397 0.014605 0.000047 0.014727 0.000001
0.792988 0.141727 0.036105 0.014531 0.000054 0.014594 0.000001
0.790814 0.143124 0.036516 0.014684 0.000050 0.014810 0.000001
0.789276 0.144170 0.036818 0.014778 0.000051 0.014906 0.000001
0.787163 0.145405 0.037252 0.014995 0.000049 0.015135 0.000001
0.789034 0.144320 0.036818 0.014856 0.000048 0.014923 0.000001
0.787572 0.145186 0.037155 0.014926 0.000054 0.015106 0.000001
0.787531 0.145123 0.037207 0.014925 0.000054 0.015158 0.000001
0.783805 0.147592 0.037880 0.015252 0.000052 0.015417 0.000001
0.784460 0.147235 0.037729 0.015205 0.000054 0.015316 0.000001
0.780494 0.149634 0.038548 0.015512 0.000053 0.015758 0.000001
0.781448 0.149014 0.038364 0.015433 0.000054 0.015687 0.000001
0.779922 0.149788 0.038697 0.015624 0.000055 0.015914 0.000001
0.777132 0.151475 0.039325 0.015863 0.000056 0.016148 0.000001
0.776291 0.152182 0.039425 0.015896 0.000054 0.016150 0.000001
0.775740 0.152422 0.039571 0.015937 0.000058 0.016272 0.000001
0.774033 0.153362 0.039975 0.016111 0.000058 0.016460 0.000001
0.770331 0.155812 0.040647 0.016417 0.000058 0.016734 0.000001
0.773409 0.153994 0.039986 0.016105 0.000060 0.016446 0.000001
0.772681 0.154255 0.040192 0.016240 0.000059 0.016573 0.000001
